-1.262403249740600586e+00
5.211201310157775879e-01
1.665502309799194336e+00
1.031028270721435547e+00
6.448019742965698242e-01
-4.120973050594329834e-01
-4.186505079269409180e-01
-2.045816183090209961e-01
-2.921511046588420868e-02
-3.371873140335083008e+00
2.209503889083862305e+00
7.458676338195800781e+00
-4.303801655769348145e-01
1.134667992591857910e+00
1.449563503265380859e+00
-1.997521877288818359e+00
-1.365181356668472290e-01
-6.853998452425003052e-02
-2.237752526998519897e-01
4.870468378067016602e-01
-2.406796067953109741e-01
2.653027534484863281e+00
-1.581804603338241577e-01
-1.582462489604949951e-01
7.220683097839355469e-01
6.372956186532974243e-02
3.532543659210205078e+00
-6.050169467926025391e-01
-3.536023795604705811e-01
-5.563493371009826660e-01
-1.615641713142395020e-01
-1.978845745325088501e-01
-3.022708892822265625e-01
4.669470191001892090e-01
-1.637606024742126465e-01
-5.559853315353393555e-01
2.569061145186424255e-02
1.401632785797119141e+00
-1.632110178470611572e-01
5.803337097167968750e-01
1.341108083724975586e-01
-1.608666777610778809e-01
2.420976638793945312e+00
7.098193764686584473e-01
-2.835057079792022705e-01
2.277836561203002930e+00
-4.275386631488800049e-01
8.099738359451293945e-01
-3.423860967159271240e-01
-5.267309546470642090e-01
3.813058137893676758e+00
-2.413682490587234497e-01
1.071989536285400391e-01
-1.133511289954185486e-01
-1.430174708366394043e-01
1.673478603363037109e+00
-2.561504840850830078e-01
-1.578593701124191284e-01
1.875292539596557617e+00
2.456700325012207031e+00
4.845928847789764404e-01
-2.135739177465438843e-01
-1.542977094650268555e-01
3.379450365900993347e-02
-9.030988812446594238e-02
-2.709659039974212646e-01
-2.748247861862182617e+00
-2.751877903938293457e-01
8.960011601448059082e-02
-1.550669223070144653e-01
2.294998168945312500e+00
-5.538221597671508789e-01
3.902330249547958374e-02
-7.014229893684387207e-01
-6.269160509109497070e-01
-2.513261735439300537e-01
-1.792370229959487915e-01
7.081131339073181152e-01
1.520612955093383789e+00
-2.543629705905914307e-01
-3.073515892028808594e-01
-9.700231999158859253e-02
2.215337276458740234e+00
-1.277843356132507324e+00
1.668984413146972656e+00
1.828540802001953125e+00
6.354722380638122559e-01
3.550943136215209961e-01
-5.178589820861816406e-01
1.009472370147705078e+00
-6.172417402267456055e-01
3.229317426681518555e+00
-1.339983642101287842e-01
-4.877583086490631104e-01
8.418303728103637695e-02
3.021846532821655273e+00
1.982296854257583618e-01
1.218528032302856445e+00
-4.517042934894561768e-01
-3.423080146312713623e-01
7.908601164817810059e-01
-2.224448919296264648e-01
1.802924871444702148e+00
-1.697344630956649780e-01
2.038321733474731445e+00
4.128021240234375000e+00
3.172551393508911133e-01
1.548703789710998535e+00
2.980873584747314453e+00
1.486915349960327148e+00
1.938829123973846436e-01
-2.678241133689880371e-01
2.852095067501068115e-01
2.040568590164184570e+00
-4.514585435390472412e-01
-2.464549839496612549e-01
6.219296529889106750e-02
-4.311332702636718750e-01
-1.016429886221885681e-01
-8.060156106948852539e-01
6.585055828094482422e+00
1.626094698905944824e+00
-1.208545491099357605e-01
3.625549554824829102e+00
1.235659003257751465e+00
2.785500586032867432e-01
4.494363069534301758e-01
5.802555680274963379e-01
-5.805956721305847168e-01
-2.158411443233489990e-01
-2.595188617706298828e+00
-1.615941077470779419e-01
5.354353904724121094e+00
-2.112350314855575562e-01
-1.947780251502990723e-01
-1.580319762229919434e+00
-2.487515062093734741e-01
3.667361497879028320e+00
-7.540428638458251953e-02
-3.491925001144409180e-01
5.576483011245727539e-01
-4.091001510620117188e+00
-5.831055045127868652e-01
-2.342646598815917969e+00
-2.644831836223602295e-01
-2.512971870601177216e-02
2.205245971679687500e+00
-2.510719001293182373e-02
3.070189952850341797e-01
-3.050574362277984619e-01
-4.924332499504089355e-01
2.023826539516448975e-01
3.551281213760375977e+00
-2.903892993927001953e-01
5.793027281761169434e-01
1.104400634765625000e+00
-3.859711289405822754e-01
2.369475364685058594e+00
-3.683811053633689880e-02
-1.867905706167221069e-01
1.464857220649719238e+00
2.567920446395874023e+00
1.110391974449157715e+00
-1.951098293066024780e-01
-4.545888423919677734e+00
3.253489732742309570e-01
2.149541616439819336e+00
-1.401815772056579590e+00
1.390387535095214844e+00
2.263161420822143555e+00
-4.032569229602813721e-01
-1.430598646402359009e-01
2.378626108169555664e+00
-4.135486781597137451e-01
-2.332980781793594360e-01
2.197265386581420898e+00
3.168628454208374023e+00
1.655375838279724121e+00
-3.572498857975006104e-01
-2.931107282638549805e-01
-2.447519451379776001e-01
-1.787458211183547974e-01
-2.377351075410842896e-01
-3.812497854232788086e-01
-6.633923202753067017e-02
3.176685869693756104e-01
2.963311195373535156e+00
1.573137044906616211e+00
5.162940621376037598e-01
-4.390037655830383301e-01
5.188905715942382812e+00
-6.196017861366271973e-01
1.955771327018737793e+00
3.012654185295104980e-01
-1.434718668460845947e-01
2.430722951889038086e+00
-2.661293745040893555e-01
-2.401697337627410889e-01
2.206134319305419922e+00
-2.427398413419723511e-01
-7.712697982788085938e-01
2.040516853332519531e+00
-1.412464827299118042e-01
7.265207767486572266e-01
2.857998609542846680e+00
-1.733770817518234253e-01
-2.212770581245422363e-01
-3.187912404537200928e-01
-5.160071253776550293e-01
6.578929424285888672e-01
-5.825152993202209473e-02
5.787587642669677734e+00
6.761128306388854980e-01
-2.555144131183624268e-01
6.636434048414230347e-02
-1.735532879829406738e-01
2.973900735378265381e-01
1.020388364791870117e+00
-3.331737518310546875e-01
3.527727425098419189e-01
-2.254407256841659546e-01
1.088034436106681824e-01
1.356531262397766113e+00
4.299403190612792969e+00
1.486469268798828125e+00
-1.603366136550903320e-01
-6.734346151351928711e-01
-5.779058486223220825e-02
-3.194644749164581299e-01
-1.621923446655273438e-01
6.038829088211059570e-01
-8.673231117427349091e-03
3.418913364410400391e+00
3.822314739227294922e+00
-1.098099276423454285e-01
3.363184928894042969e+00
-1.289473474025726318e-01
-4.542720317840576172e-01
3.352418899536132812e+00
-3.058067262172698975e-01
-9.100564569234848022e-02
5.265066027641296387e-01
-8.824380487203598022e-02
-4.069964587688446045e-01
-5.712616443634033203e-01
3.206395149230957031e+00
5.820035934448242188e-01
-7.319673895835876465e-02
-1.060748100280761719e-01
-1.924326568841934204e-01
-8.377823233604431152e-02
-1.171006783843040466e-01
4.394344985485076904e-01
-1.431572437286376953e+00
-4.125684499740600586e-02
-4.349167943000793457e-01
