-8.571889251470565796e-02
-1.537581980228424072e-01
-8.786220103502273560e-02
-3.428764939308166504e-01
2.279922366142272949e-01
-3.751981854438781738e-01
4.257939010858535767e-02
5.838203802704811096e-02
2.412115223705768585e-02
3.208072111010551453e-02
2.331964671611785889e-03
7.451143860816955566e-02
-1.209452301263809204e-01
-2.666977643966674805e-01
1.766165718436241150e-02
-7.986731827259063721e-02
-2.041072770953178406e-02
-2.053634822368621826e-01
-2.601653337478637695e-01
-1.646018922328948975e-01
-1.016778126358985901e-01
-1.706091612577438354e-01
-2.524316608905792236e-01
-1.293702274560928345e-01
-1.026642136275768280e-02
-2.901855409145355225e-01
-2.660315334796905518e-01
-5.490649119019508362e-02
-1.118251681327819824e-01
-7.080679293721914291e-03
1.811391301453113556e-02
3.209106996655464172e-02
3.178296145051717758e-03
-1.985243149101734161e-02
2.970019122585654259e-03
-4.366368800401687622e-02
-2.291620820760726929e-01
-2.753771245479583740e-01
-3.041474521160125732e-01
1.186587568372488022e-02
-3.414324671030044556e-02
6.733018904924392700e-02
-2.335324883460998535e-02
-1.528575830161571503e-02
-4.500617086887359619e-02
3.267724439501762390e-02
-2.374766767024993896e-02
1.423474550247192383e-01
-2.046003751456737518e-02
2.312820404767990112e-02
-1.556352823972702026e-01
-1.812406927347183228e-01
1.398975960910320282e-02
-1.927827745676040649e-01
-3.437314629554748535e-01
-4.218209981918334961e-01
-5.709366407245397568e-03
2.107931068167090416e-03
-2.190633118152618408e-01
-5.923127010464668274e-02
-7.572136074304580688e-02
-1.743093878030776978e-01
-2.385248616337776184e-02
-4.582087323069572449e-02
3.151417244225740433e-03
-6.482712924480438232e-02
-5.457008257508277893e-02
-1.009299457073211670e-01
-6.133819743990898132e-02
-1.113227978348731995e-01
7.304687798023223877e-02
-3.578476607799530029e-01
-3.475265949964523315e-02
-1.127200424671173096e-01
-2.605371177196502686e-02
-2.559418417513370514e-02
-3.848614692687988281e-01
-1.873780488967895508e-01
2.794781001284718513e-03
5.272332951426506042e-02
-7.603771239519119263e-02
-9.308509528636932373e-02
-1.124668195843696594e-01
-8.362925797700881958e-02
-1.824299246072769165e-01
-1.897687166929244995e-01
-2.185824364423751831e-01
-1.889479905366897583e-02
-8.530562371015548706e-02
-6.431639194488525391e-02
-1.364713907241821289e-02
3.256011288613080978e-03
-4.845456220209598541e-03
-5.204424634575843811e-02
-2.530580572783946991e-02
-2.088167518377304077e-02
-8.740035444498062134e-02
-6.931886076927185059e-02
-1.130951419472694397e-01
-1.247313171625137329e-01
-3.868014812469482422e-01
1.115240827202796936e-01
1.253375899977982044e-03
-3.740171343088150024e-02
-1.907297968864440918e-02
-5.609956756234169006e-02
-2.814116179943084717e-01
-1.192331761121749878e-01
3.034251742064952850e-02
-1.871049590408802032e-02
6.554007530212402344e-02
-1.221025064587593079e-01
-2.227184623479843140e-01
1.026511341333389282e-01
6.182050704956054688e-02
5.137605592608451843e-02
-3.009684570133686066e-02
-3.912249580025672913e-02
-9.965056926012039185e-02
2.324676839634776115e-03
-1.850725859403610229e-01
-1.028647646307945251e-01
-3.265180289745330811e-01
-2.920650877058506012e-02
-1.631884835660457611e-02
-7.776930928230285645e-02
1.205971371382474899e-02
8.918868750333786011e-02
-8.443842828273773193e-02
4.375405237078666687e-02
6.987696886062622070e-02
2.244279161095619202e-02
-2.368586361408233643e-01
-9.470668435096740723e-02
-2.592197954654693604e-01
6.413628160953521729e-02
9.980735369026660919e-03
9.841745346784591675e-02
-2.319521829485893250e-02
6.447958201169967651e-02
-1.122503057122230530e-01
4.698117449879646301e-02
1.235324591398239136e-01
-7.351547945290803909e-03
-7.492496073246002197e-02
-8.057905733585357666e-02
-2.733616344630718231e-02
4.317457601428031921e-02
8.816374838352203369e-02
-4.061811603605747223e-03
-3.610438853502273560e-02
-1.970989862456917763e-03
-7.365061342716217041e-02
-9.860301762819290161e-02
-1.481275111436843872e-01
-1.336487531661987305e-01
-1.398733817040920258e-02
-6.190359219908714294e-02
-1.031508296728134155e-01
-5.599688738584518433e-02
-1.077694147825241089e-01
1.597126363776624203e-03
-6.187256798148155212e-02
-1.418387144804000854e-01
-1.461777836084365845e-01
-2.189344540238380432e-02
-2.156056091189384460e-02
4.107249900698661804e-02
-3.236377835273742676e-01
-4.415688291192054749e-02
-4.413318634033203125e-01
3.908715024590492249e-02
-5.111437290906906128e-02
2.506418095435947180e-04
1.824129186570644379e-02
-2.750364132225513458e-03
3.734786063432693481e-02
6.170856580138206482e-02
2.327193319797515869e-01
-1.499055474996566772e-01
-3.868516907095909119e-02
-6.870447844266891479e-02
-3.654711320996284485e-02
1.729203388094902039e-02
-6.086801178753376007e-03
-1.077799424529075623e-01
-4.518523439764976501e-02
-6.575637310743331909e-02
-7.912255823612213135e-02
-2.946418523788452148e-01
-1.657270491123199463e-01
-1.905344873666763306e-01
-1.063171699643135071e-01
8.234168589115142822e-02
-3.102642595767974854e-01
-1.197950169444084167e-01
-3.352850675582885742e-02
-1.839213520288467407e-01
-1.104080826044082642e-01
-9.527633339166641235e-02
-1.266333162784576416e-01
-9.202823787927627563e-02
-7.232363522052764893e-02
-1.301725059747695923e-01
-5.530764535069465637e-02
-9.060753881931304932e-02
-3.196034207940101624e-02
-1.892820447683334351e-01
-2.440363764762878418e-01
-1.896018981933593750e-01
-1.255239397287368774e-01
-3.453232049942016602e-01
1.386704295873641968e-01
-1.281110197305679321e-01
2.573152445256710052e-02
-1.902015954256057739e-01
-6.307688355445861816e-01
-1.950236260890960693e-01
1.061964184045791626e-01
8.011329919099807739e-02
-2.968275221064686775e-03
7.817160338163375854e-02
-2.078627198934555054e-01
-2.531526088714599609e-01
-3.295977413654327393e-01
-1.262001693248748779e-01
-2.799260318279266357e-01
-3.009788393974304199e-01
6.686650682240724564e-03
-1.626661419868469238e-02
3.740630811080336571e-03
-2.765416167676448822e-02
-1.107741817831993103e-01
7.128422707319259644e-02
1.247717626392841339e-02
-2.358638644218444824e-01
1.924060732126235962e-01
-1.616497635841369629e-01
-1.902392357587814331e-01
-2.198329418897628784e-01
-1.982383131980895996e-01
-2.723745405673980713e-01
-2.647019922733306885e-01
-7.300375401973724365e-02
-2.057610750198364258e-01
6.790465116500854492e-02
5.338076502084732056e-02
1.405996736139059067e-02
7.819610834121704102e-02
8.844836056232452393e-02
9.933733940124511719e-02
3.997331485152244568e-02
-4.904024302959442139e-02
-1.063051000237464905e-01
-3.026243112981319427e-02
-2.146972157061100006e-02
-3.413540422916412354e-01
1.896264404058456421e-01
-7.357765454798936844e-03
-7.648370414972305298e-02
-9.785763919353485107e-02
-7.640419155359268188e-02
-2.132600918412208557e-02
-1.857670843601226807e-01
-7.474141567945480347e-02
-1.326537281274795532e-01
-2.180681526660919189e-01
-1.790729016065597534e-01
-2.511152327060699463e-01
-5.106847360730171204e-02
-5.012203007936477661e-02
-1.337399780750274658e-01
-1.261620968580245972e-01
7.831875979900360107e-02
3.427630662918090820e-02
9.701357781887054443e-02
-7.292074710130691528e-02
1.002380326390266418e-01
-1.801379919052124023e-01
-2.581798434257507324e-01
-2.415799051523208618e-01
-3.007418811321258545e-01
-7.129324134439229965e-03
-9.107456356287002563e-02
-1.946443021297454834e-01
8.971870690584182739e-02
9.957316331565380096e-03
1.846154332160949707e-01
5.994363129138946533e-02
3.412858396768569946e-02
9.041762351989746094e-02
7.442970573902130127e-02
1.402771472930908203e-01
1.301108207553625107e-02
1.250669010914862156e-03
-4.757540673017501831e-02
2.489409968256950378e-02
-1.221159920096397400e-01
-1.372259259223937988e-01
-1.153908222913742065e-01
-7.637204602360725403e-03
8.004657179117202759e-02
-3.569021075963973999e-02
-8.827503025531768799e-02
-4.530493170022964478e-02
-6.716736406087875366e-02
9.312367439270019531e-02
1.271500140428543091e-01
7.633062452077865601e-02
-5.282257124781608582e-02
2.291658660396933556e-03
-7.538335025310516357e-02
5.946159735321998596e-02
1.353403739631175995e-02
5.418298393487930298e-02
1.371736824512481689e-01
9.825289994478225708e-02
1.582586020231246948e-01
-1.177240461111068726e-01
-1.825145035982131958e-01
-6.864737719297409058e-02
-3.832830190658569336e-01
-8.008604049682617188e-01
5.126073360443115234e-01
2.400484308600425720e-02
6.300964206457138062e-02
-4.654442518949508667e-02
-3.437271714210510254e-02
-8.077670633792877197e-02
-1.549639087170362473e-02
-5.034040287137031555e-02
-4.355303943157196045e-02
-1.225113272666931152e-01
-9.934271220117807388e-04
-3.049809113144874573e-02
-7.413487136363983154e-02
-1.151636019349098206e-01
-3.182110190391540527e-01
-2.301120609045028687e-01
-9.006128460168838501e-02
-2.206967398524284363e-02
-1.270495355129241943e-01
-7.227071374654769897e-02
-1.751681566238403320e-01
-2.830547988414764404e-01
-1.971455663442611694e-01
-2.246440052986145020e-01
-2.271304577589035034e-01
-1.209816485643386841e-01
9.483044594526290894e-02
-2.290256470441818237e-01
-3.208017051219940186e-01
-1.094893366098403931e-01
-4.947392344474792480e-01
-7.821758091449737549e-02
-9.032941423356533051e-03
-1.593179106712341309e-01
1.241911798715591431e-01
8.678595721721649170e-02
1.380513012409210205e-01
-1.866010017693042755e-02
2.709298208355903625e-02
-8.096328377723693848e-02
3.584151342511177063e-02
2.864474896341562271e-03
5.508420616388320923e-02
-4.003205597400665283e-01
-9.271801263093948364e-02
-3.219726979732513428e-01
7.195553183555603027e-02
9.679383784532546997e-02
6.687154993414878845e-03
7.446211576461791992e-02
4.206895828247070312e-02
1.027927100658416748e-01
-4.808120056986808777e-02
-2.130883634090423584e-01
-2.610087394714355469e-01
8.078363724052906036e-03
4.788535460829734802e-02
-4.493237286806106567e-02
2.439390635117888451e-03
5.667454004287719727e-02
-4.154277592897415161e-02
-2.531343698501586914e-01
-2.182382494211196899e-01
-2.259920090436935425e-01
-8.230857551097869873e-02
-5.073713883757591248e-02
-2.533451318740844727e-01
4.543153569102287292e-02
1.061152480542659760e-02
7.989779114723205566e-02
-1.755817234516143799e-02
3.455896303057670593e-02
-7.247080653905868530e-02
-9.558883309364318848e-02
-8.490094542503356934e-02
-1.278375983238220215e-01
8.742492645978927612e-03
-4.671951755881309509e-02
-1.298743784427642822e-01
-4.829598590731620789e-02
-3.157256171107292175e-02
4.666045680642127991e-02
1.193792652338743210e-02
5.722564645111560822e-03
3.787393495440483093e-02
-1.115659251809120178e-01
-4.045536518096923828e-01
-2.995764017105102539e-01
-6.965576857328414917e-02
2.461671130731701851e-03
-1.252125352621078491e-01
-3.361681243404746056e-03
-1.230704337358474731e-01
-7.675334066152572632e-02
-1.517007946968078613e-01
-1.725402474403381348e-01
-1.809041053056716919e-01
8.430373668670654297e-02
1.018209196627140045e-02
1.194099187850952148e-01
3.706904873251914978e-02
2.483859844505786896e-02
4.967139288783073425e-02
-2.345769293606281281e-02
1.250713225454092026e-02
-9.480963647365570068e-02
4.111135005950927734e-02
5.467312037944793701e-02
-1.741868327371776104e-03
-1.346152424812316895e-01
-5.810122564435005188e-02
-4.117813706398010254e-02
2.969361282885074615e-02
7.719556242227554321e-02
-3.550288826227188110e-02
-1.720051765441894531e-01
8.893631398677825928e-02
-2.121918648481369019e-01
5.755674466490745544e-02
-1.222994178533554077e-01
-1.086282581090927124e-01
4.816710483282804489e-03
-3.720710054039955139e-02
-5.933100357651710510e-02
-2.021906375885009766e-01
-3.449152037501335144e-02
-3.483156263828277588e-01
-1.200472339987754822e-01
-1.643511056900024414e-01
6.005153059959411621e-02
2.455023862421512604e-02
2.295165956020355225e-01
-2.017151862382888794e-01
4.699293151497840881e-02
9.965956956148147583e-02
-1.005586516112089157e-02
-4.322670400142669678e-02
2.244135923683643341e-02
-1.501573622226715088e-01
-4.816625639796257019e-02
-5.725229904055595398e-02
-3.071710281074047089e-02
-3.324091061949729919e-02
-2.124838903546333313e-02
-4.384104162454605103e-02
-1.167407557368278503e-01
7.838401943445205688e-02
-1.897959411144256592e-01
7.340335100889205933e-02
4.116719216108322144e-02
1.002180576324462891e-01
-1.539440900087356567e-01
-5.782084539532661438e-03
-2.402072250843048096e-01
-9.246136993169784546e-02
-1.858956664800643921e-01
-1.797652244567871094e-01
-1.692906469106674194e-01
-2.023360580205917358e-01
-7.752516865730285645e-02
-7.428000867366790771e-02
-3.772135451436042786e-02
-1.255819201469421387e-01
-6.450360417366027832e-01
-1.179193496704101562e+00
8.748120069503784180e-01
-7.915725558996200562e-02
-3.724993392825126648e-02
4.812806472182273865e-02
6.016932427883148193e-03
-3.507276996970176697e-02
2.864164672791957855e-02
-8.977187424898147583e-02
8.228119462728500366e-02
-3.035139143466949463e-01
-1.102059893310070038e-02
-1.613156311213970184e-02
3.693535178899765015e-02
6.163971126079559326e-02
3.661059215664863586e-02
8.043862879276275635e-02
3.444806486368179321e-02
2.248898148536682129e-01
-2.531220912933349609e-01
3.700915351510047913e-02
6.764311343431472778e-02
1.508295070379972458e-03
-1.668747216463088989e-01
-7.897361367940902710e-02
-1.318641304969787598e-01
5.688067898154258728e-02
6.789918988943099976e-02
2.829214185476303101e-02
-1.397204548120498657e-01
4.855560511350631714e-02
-2.342669963836669922e-01
7.922332733869552612e-02
-1.213836669921875000e-01
-1.649848669767379761e-01
-3.694665431976318359e-02
-9.470930695533752441e-02
-3.124842979013919830e-02
2.313268743455410004e-02
3.934948518872261047e-02
-1.421494502574205399e-02
-1.109715625643730164e-01
-3.748896345496177673e-02
-1.517909467220306396e-01
-1.659139096736907959e-01
-3.718889877200126648e-02
-2.121985405683517456e-01
-3.177269697189331055e-01
-1.576725579798221588e-02
-4.295555651187896729e-01
-2.054421417415142059e-02
-2.567112445831298828e-01
-2.365224957466125488e-01
-1.535257250070571899e-01
-2.434865534305572510e-01
-2.524659037590026855e-01
-1.329308450222015381e-01
-1.628562808036804199e-01
-8.747065067291259766e-02
-1.698686778545379639e-01
-2.341788411140441895e-01
-2.199108451604843140e-01
-7.616147398948669434e-02
-2.193839848041534424e-01
-3.198823630809783936e-01
-3.314047157764434814e-01
3.199581801891326904e-02
-4.517844021320343018e-01
-8.551036007702350616e-03
-5.143432319164276123e-02
8.383007347583770752e-02
2.953415364027023315e-02
1.566482633352279663e-01
1.001571416854858398e-01
9.302483499050140381e-02
3.955146297812461853e-03
1.743844151496887207e-01
7.094993442296981812e-02
-1.243061944842338562e-02
5.425857380032539368e-02
-1.368349939584732056e-01
-3.552291095256805420e-01
-2.801522910594940186e-01
-1.138357520103454590e-01
-9.088441729545593262e-02
-1.279176622629165649e-01
-6.692886352539062500e-02
-1.462042629718780518e-01
-5.089008435606956482e-02
-3.464995324611663818e-02
-2.602171152830123901e-02
-9.097250550985336304e-02
4.019002243876457214e-02
6.201214343309402466e-02
9.275699034333229065e-03
-1.462228298187255859e-01
-1.233563199639320374e-01
-1.183826178312301636e-01
-5.912834033370018005e-02
-1.051955744624137878e-01
-3.622850775718688965e-02
-1.471024602651596069e-01
-1.843435019254684448e-01
-1.196043193340301514e-01
-2.077274024486541748e-02
2.470010891556739807e-02
-1.639821231365203857e-01
5.000324454158544540e-03
1.162988841533660889e-01
-7.816363126039505005e-02
-1.718798279762268066e-01
-2.459188550710678101e-01
-3.989175558090209961e-01
-2.197914123535156250e-01
-2.604241967201232910e-01
-2.595184147357940674e-01
-4.007300734519958496e-02
7.776134461164474487e-02
-1.325255334377288818e-01
-5.355542898178100586e-02
-5.864534899592399597e-02
-1.163940578699111938e-01
-4.263973981142044067e-02
8.265398442745208740e-02
-1.895054429769515991e-01
-8.225446939468383789e-02
4.525902681052684784e-03
-1.191281452775001526e-01
3.593053668737411499e-02
-9.921517968177795410e-02
4.578329622745513916e-02
-1.025881916284561157e-01
-5.447818338871002197e-02
-2.749022468924522400e-02
1.158670559525489807e-01
-1.512462645769119263e-01
-1.573207974433898926e-01
-1.786993443965911865e-01
4.535445198416709900e-02
-5.512738227844238281e-01
2.205559983849525452e-02
2.996978163719177246e-02
-4.658346995711326599e-02
-2.918941974639892578e-01
-2.890970408916473389e-01
-2.908774912357330322e-01
2.719544619321823120e-02
4.758908972144126892e-02
-2.382008591666817665e-03
-4.704029560089111328e-01
3.206019401550292969e-01
-5.692812204360961914e-01
-3.123475983738899231e-02
-3.475801646709442139e-02
-1.339907497167587280e-01
-2.157568484544754028e-01
-1.143916845321655273e-01
8.604522794485092163e-02
-1.162043362855911255e-01
-8.914304524660110474e-02
-1.081980988383293152e-01
-5.220291391015052795e-02
-1.530320793390274048e-01
3.027613088488578796e-02
2.799765393137931824e-02
-1.555883325636386871e-02
1.244033873081207275e-01
-1.336188614368438721e-01
-2.302500903606414795e-01
-3.968407213687896729e-02
-8.294770121574401855e-02
-7.809662492945790291e-04
-1.832573264837265015e-01
-2.031951099634170532e-01
-6.931801140308380127e-02
-1.168833673000335693e-01
-1.729024946689605713e-01
1.144030783325433731e-02
-2.638376057147979736e-01
-6.564796715974807739e-02
3.250455856323242188e-02
-2.331434041261672974e-01
-2.012226358056068420e-02
-5.390197038650512695e-02
-8.135912939906120300e-03
1.572336442768573761e-02
6.389471888542175293e-02
-7.850829511880874634e-02
-1.025016084313392639e-01
-1.000294014811515808e-01
-1.308458298444747925e-01
-4.450937733054161072e-02
-6.628639996051788330e-02
-3.233334422111511230e-02
-7.513906359672546387e-01
3.323260843753814697e-01
-7.562950253486633301e-01
-4.255021512508392334e-01
-9.012275338172912598e-01
1.894208788871765137e-01
-3.359078243374824524e-02
-9.010926634073257446e-02
-1.163837015628814697e-01
-1.315440516918897629e-02
3.798756003379821777e-02
-6.069235876202583313e-02
-1.012600585818290710e-02
-1.075466424226760864e-01
-6.779393553733825684e-02
7.955219596624374390e-03
6.381697952747344971e-02
-4.345814511179924011e-02
9.410943835973739624e-02
9.248132258653640747e-02
5.502527579665184021e-02
-8.562111854553222656e-02
-1.136447936296463013e-01
-7.015813142061233521e-03
-1.045759171247482300e-01
-1.214560493826866150e-01
-8.584492653608322144e-02
-3.433915376663208008e-01
1.494827121496200562e-01
-4.156937897205352783e-01
-1.347495168447494507e-01
-2.118505388498306274e-01
-1.827789247035980225e-01
1.088717505335807800e-01
1.128650158643722534e-01
5.755357816815376282e-02
-2.070265263319015503e-01
-2.646597474813461304e-02
-1.360635757446289062e-01
-1.805632114410400391e-01
-3.832137882709503174e-01
-2.174381166696548462e-02
-4.034827053546905518e-01
-5.515465140342712402e-01
-9.859182685613632202e-02
-1.493396908044815063e-01
5.211235955357551575e-02
-7.947313040494918823e-02
-8.333845436573028564e-02
-1.150980219244956970e-01
-2.407222092151641846e-01
-1.496401578187942505e-01
-1.720814555883407593e-01
-1.443582177162170410e-01
3.165906295180320740e-02
7.494324445724487305e-02
-3.346404433250427246e-02
1.217103078961372375e-01
9.264261275529861450e-02
2.283069863915443420e-02
-7.684992253780364990e-02
-2.093944698572158813e-01
1.141606196761131287e-01
-5.294337123632431030e-02
-2.093807160854339600e-01
-1.358301341533660889e-01
8.939269185066223145e-02
-3.137363493442535400e-02
-1.279910206794738770e-01
-9.093756228685379028e-02
-1.794410943984985352e-01
-1.769078373908996582e-01
-1.419815868139266968e-01
-1.219342201948165894e-01
-1.270330548286437988e-01
6.043018773198127747e-02
1.339226812124252319e-01
-3.320803120732307434e-02
1.543936319649219513e-02
-4.942514351569116116e-04
2.490122243762016296e-02
-4.083278775215148926e-02
9.667975455522537231e-02
-1.682433634996414185e-01
-1.672258973121643066e-01
-1.954843997955322266e-01
-8.579113334417343140e-02
