-5.782844424247741699e-01
-5.151251554489135742e-01
-2.437869161367416382e-01
-5.613179206848144531e-01
-7.984825968742370605e-01
-6.590309143066406250e-01
-5.728267431259155273e-01
-4.966778457164764404e-01
-9.781035780906677246e-01
-3.136913478374481201e-01
-3.039336800575256348e-01
-6.141026020050048828e-01
-3.836791515350341797e-01
-2.095115929841995239e-01
-1.112532496452331543e+00
-7.320765256881713867e-01
-7.486960887908935547e-01
-6.349915266036987305e-01
-6.015225052833557129e-01
-8.764344453811645508e-01
-6.695178747177124023e-01
-5.133073925971984863e-01
-8.004696369171142578e-01
-5.448423624038696289e-01
-7.476412653923034668e-01
-5.537174940109252930e-01
-5.651732683181762695e-01
-7.978355884552001953e-01
-1.004378914833068848e+00
-8.288475275039672852e-01
-5.235212445259094238e-01
-6.172878742218017578e-01
-2.956063747406005859e-01
-9.535099267959594727e-01
-7.213129401206970215e-01
-1.029551863670349121e+00
-6.903143525123596191e-01
-4.971301257610321045e-01
-1.694405913352966309e+00
-2.816546559333801270e-01
-5.629609227180480957e-01
-4.901645779609680176e-01
-4.217221140861511230e-01
-6.130318641662597656e-01
-3.808193206787109375e-01
-4.683746993541717529e-01
-5.303958058357238770e-01
-3.580351769924163818e-01
-5.946624279022216797e-01
-5.007145404815673828e-01
-6.498749852180480957e-01
-8.397887945175170898e-01
-9.017344713211059570e-01
-9.399825930595397949e-01
-7.858179211616516113e-01
-5.705668926239013672e-01
-7.406404018402099609e-01
-3.233758509159088135e-01
-6.924201846122741699e-01
-5.445333123207092285e-01
-5.434166193008422852e-01
-2.310442924499511719e+00
-3.122706711292266846e-01
-1.608332872390747070e+00
-3.778980076313018799e-01
-2.914033532142639160e-01
-6.328350901603698730e-01
-6.044839024543762207e-01
-6.644877791404724121e-01
-7.890966534614562988e-01
-4.035859704017639160e-01
-4.424451291561126709e-01
-5.459425449371337891e-01
-3.638952970504760742e-01
-6.331618428230285645e-01
-4.591291248798370361e-01
-6.489745378494262695e-01
-1.431585431098937988e+00
-5.447066426277160645e-01
-2.798542380332946777e-01
-3.057975769042968750e-01
-1.015848517417907715e+00
-5.179796814918518066e-01
-1.189567446708679199e+00
-4.473715722560882568e-01
-5.962316989898681641e-01
-5.653526186943054199e-01
-1.808821558952331543e-01
-2.127689272165298462e-01
-2.471547722816467285e-01
-4.934476017951965332e-01
-6.692546606063842773e-01
-8.236302137374877930e-01
-5.561484098434448242e-01
-8.526027798652648926e-01
-4.697834849357604980e-01
-6.817960143089294434e-01
-6.268208622932434082e-01
-4.218772947788238525e-01
-7.326483726501464844e-01
-7.512738108634948730e-01
-9.294812083244323730e-01
-9.068363308906555176e-01
-1.281380057334899902e+00
-4.387890994548797607e-01
-9.313705563545227051e-01
-5.394162535667419434e-01
-6.699942946434020996e-01
-5.089495778083801270e-01
-5.318579673767089844e-01
-3.000613451004028320e-01
-4.848090708255767822e-01
-7.367591261863708496e-01
-6.729153394699096680e-01
-6.966012716293334961e-01
-5.658043622970581055e-01
-8.711308836936950684e-01
-5.063471198081970215e-01
-7.895836234092712402e-01
-6.649633049964904785e-01
-5.730975270271301270e-01
-3.087601363658905029e-01
-9.632036089897155762e-01
-4.155349731445312500e-01
-5.227832198143005371e-01
-6.700885295867919922e-01
-4.479847550392150879e-01
-1.528770625591278076e-01
-7.819215655326843262e-01
-5.187381505966186523e-01
-2.820094585418701172e+00
-6.428638100624084473e-01
-4.585094749927520752e-01
-7.857434749603271484e-01
-5.873159766197204590e-01
-2.371547937393188477e+00
-3.428383171558380127e-01
-3.946834802627563477e-01
-6.188872456550598145e-01
-6.811133623123168945e-01
-4.113903939723968506e-01
-4.422194361686706543e-01
-8.162255287170410156e-01
-1.901844590902328491e-01
-2.981046438217163086e-01
-6.090854406356811523e-01
-6.666642427444458008e-01
-1.176818251609802246e+00
-3.195537924766540527e-01
-9.308834075927734375e-01
-3.583557009696960449e-01
-2.271282374858856201e-01
-5.128133893013000488e-01
-7.813271284103393555e-01
-8.741185069084167480e-01
-6.253105998039245605e-01
-1.049033284187316895e+00
-6.451942324638366699e-01
-1.543261170387268066e+00
-2.467502355575561523e-01
-2.293548882007598877e-01
-5.748212933540344238e-01
-5.465832948684692383e-01
-4.618774354457855225e-01
-4.400056004524230957e-01
-1.270402312278747559e+00
-6.706885695457458496e-01
-8.527817726135253906e-01
-8.363241553306579590e-01
-5.837773680686950684e-01
-9.210640192031860352e-01
-4.519774019718170166e-01
-2.721288800239562988e-01
-3.637570142745971680e-01
-7.945109009742736816e-01
-2.416643649339675903e-01
-5.683442354202270508e-01
-8.415483832359313965e-01
-6.316810846328735352e-01
-6.345619559288024902e-01
-8.566103577613830566e-01
-4.322235882282257080e-01
-3.262613117694854736e-01
-1.637890696525573730e+00
-4.912778735160827637e-01
-8.010052442550659180e-01
-1.025615453720092773e+00
-8.625072836875915527e-01
-8.156666755676269531e-01
-7.000079005956649780e-02
-5.361266136169433594e-01
-4.807091653347015381e-01
-6.814291477203369141e-01
-4.735978245735168457e-01
-1.973530352115631104e-01
-3.146153688430786133e-01
-7.984521389007568359e-01
-1.011399745941162109e+00
-6.388674974441528320e-01
-2.243141889572143555e+00
-3.940041363239288330e-01
-5.669063925743103027e-01
-5.173948407173156738e-01
-9.041587114334106445e-01
-5.335299968719482422e-01
-5.200730562210083008e-01
-6.227827668190002441e-01
-1.339113861322402954e-01
-2.807507216930389404e-01
-4.665979743003845215e-01
-1.025886774063110352e+00
-3.491481542587280273e-01
-6.825475096702575684e-01
-7.392657995223999023e-01
-5.833252072334289551e-01
-7.496142387390136719e-01
-7.103934884071350098e-01
-5.985878705978393555e-01
-4.409659206867218018e-01
-5.793326497077941895e-01
-6.393606066703796387e-01
-6.414846777915954590e-01
-5.621792674064636230e-01
-6.232059001922607422e-01
-1.511865496635437012e+00
-8.205431103706359863e-01
-4.402745068073272705e-01
-5.275437831878662109e-01
-7.242706418037414551e-01
-1.047812461853027344e+00
-5.556114315986633301e-01
-1.573223352432250977e+00
-5.147298574447631836e-01
-4.888589680194854736e-02
-5.711206197738647461e-01
-5.963236689567565918e-01
-6.062433123588562012e-01
-7.576683163642883301e-01
-6.439103484153747559e-01
-8.296634554862976074e-01
-4.369065165519714355e-01
-4.922521710395812988e-01
-6.261349916458129883e-01
-5.749708414077758789e-01
-8.058072924613952637e-01
-9.856017231941223145e-01
-6.485527753829956055e-01
-5.931438207626342773e-01
-7.813642621040344238e-01
-6.450185775756835938e-01
-2.305734008550643921e-01
-1.173870086669921875e+00
-1.004185914993286133e+00
-3.027188777923583984e-01
-7.431676983833312988e-01
-6.444789171218872070e-01
-1.991581916809082031e+00
-7.501879930496215820e-01
-1.530245542526245117e+00
-2.989202141761779785e-01
-4.173293411731719971e-01
-6.435461640357971191e-01
-5.457944273948669434e-01
-7.961130142211914062e-01
-7.982484698295593262e-01
-6.416665911674499512e-01
-5.717617869377136230e-01
-6.001305580139160156e-01
-7.070952653884887695e-01
-6.971318125724792480e-01
-1.003239035606384277e+00
-4.013248383998870850e-01
-5.546795129776000977e-01
-3.117234706878662109e-01
-8.936437964439392090e-01
-5.066258311271667480e-01
-6.881301403045654297e-01
-4.719846844673156738e-01
-6.855127811431884766e-01
-5.549430251121520996e-01
-1.660439968109130859e+00
-3.024270534515380859e-01
-6.027185916900634766e-01
-9.001616239547729492e-01
-4.760516285896301270e-01
-3.211120665073394775e-01
-8.927073478698730469e-01
-3.706235289573669434e-01
-1.863935112953186035e+00
-4.800332784652709961e-01
-6.482968926429748535e-01
-9.653092026710510254e-01
-7.491316795349121094e-01
-4.159620106220245361e-01
-8.463576436042785645e-01
-9.411273002624511719e-01
-6.416776180267333984e-01
-7.868202924728393555e-01
-8.141270279884338379e-01
-8.523277044296264648e-01
-8.603347539901733398e-01
-1.225072026252746582e+00
-1.067572474479675293e+00
-1.576335906982421875e+00
-8.267347216606140137e-01
-5.185028314590454102e-01
-2.422873228788375854e-01
-6.586822271347045898e-01
-4.678819477558135986e-01
-7.421581745147705078e-01
-1.307822704315185547e+00
-2.597051620483398438e+00
-4.978494048118591309e-01
-6.822861433029174805e-01
-7.728270888328552246e-01
-3.341786563396453857e-01
-1.052395224571228027e+00
-7.259852290153503418e-01
-1.050356388092041016e+00
-4.504724740982055664e-01
-7.685561180114746094e-01
-3.290926814079284668e-01
-1.894177794456481934e-01
-2.094938278198242188e+00
-1.987690567970275879e+00
-6.177628040313720703e-01
-7.172043919563293457e-01
-3.007176518440246582e-01
-8.567407727241516113e-01
-6.180392503738403320e-01
-5.978931784629821777e-01
-6.328718066215515137e-01
-4.359230697154998779e-01
-9.157975912094116211e-01
-6.041052937507629395e-01
-9.288146495819091797e-01
-4.902505278587341309e-01
-5.623458623886108398e-01
-9.429773688316345215e-01
-3.996021151542663574e-01
-2.526417374610900879e-01
-5.853404998779296875e-01
-6.103926301002502441e-01
-6.223160624504089355e-01
-6.129554510116577148e-01
-7.484070062637329102e-01
-9.360994696617126465e-01
-6.985083818435668945e-01
-5.636783838272094727e-01
-4.419249296188354492e-01
-1.958983659744262695e+00
-1.047935366630554199e+00
-7.673732042312622070e-01
-3.811227083206176758e-01
-8.207793831825256348e-01
-5.093016624450683594e-01
-7.233649492263793945e-01
-5.940591096878051758e-01
-4.611870348453521729e-01
-1.045778393745422363e+00
-2.391451448202133179e-01
-1.019366264343261719e+00
-5.604305863380432129e-01
-5.434163808822631836e-01
-3.998341262340545654e-01
-5.084061622619628906e-01
-1.112835407257080078e+00
-5.311351418495178223e-01
-1.293607592582702637e+00
-5.878910422325134277e-01
-2.764678001403808594e-01
-5.375548601150512695e-01
-6.545839905738830566e-01
-6.087366938591003418e-01
-4.365709722042083740e-01
-6.574418544769287109e-01
-6.179423332214355469e-01
-4.089371562004089355e-01
-5.917168855667114258e-01
-5.749757885932922363e-01
-7.291317582130432129e-01
-2.961255311965942383e+00
-6.509980559349060059e-01
-3.231279850006103516e-01
-1.108652353286743164e+00
-1.398731708526611328e+00
-6.012911796569824219e-01
-6.865977644920349121e-01
-3.099161386489868164e-01
-8.379738926887512207e-01
-7.342025041580200195e-01
-2.829151451587677002e-01
-6.224411129951477051e-01
-6.944512724876403809e-01
-6.897825002670288086e-01
-6.311125159263610840e-01
-1.373228669166564941e+00
-5.988608598709106445e-01
-7.592246532440185547e-01
-4.052657186985015869e-01
-6.305979490280151367e-01
-4.993742108345031738e-01
-1.976045727729797363e+00
-4.297622740268707275e-01
-4.144023656845092773e-01
-4.230325818061828613e-01
-6.462067365646362305e-01
-6.709218025207519531e-01
-6.257051229476928711e-01
-7.608915567398071289e-01
-2.526713311672210693e-01
-7.924585342407226562e-01
-8.016923069953918457e-01
-9.022950530052185059e-01
-4.633220136165618896e-01
-5.879809260368347168e-01
-2.053834348917007446e-01
-5.102032423019409180e-01
-4.560654759407043457e-01
-1.902628421783447266e+00
-2.528015375137329102e-01
-6.712749004364013672e-01
-5.873323082923889160e-01
-5.612102746963500977e-01
-6.234159469604492188e-01
-7.174218297004699707e-01
-7.690514922142028809e-01
-1.599298566579818726e-01
-4.682865440845489502e-01
-6.175197958946228027e-01
-8.158600926399230957e-01
-6.702421307563781738e-01
-7.594824433326721191e-01
-6.275964379310607910e-01
-4.509630799293518066e-01
-7.461122870445251465e-01
-7.680018544197082520e-01
-7.822390794754028320e-01
-5.478585958480834961e-01
-1.008586406707763672e+00
-3.841717243194580078e-01
-6.294394135475158691e-01
-7.829234600067138672e-01
-5.670039057731628418e-01
-9.120768904685974121e-01
-6.149986982345581055e-01
-2.032885998487472534e-01
-6.125541925430297852e-01
-4.710188508033752441e-01
-3.440039455890655518e-01
-6.195746064186096191e-01
-2.841204702854156494e-01
-8.299599885940551758e-01
-8.478912711143493652e-01
-3.633471727371215820e-01
-7.651311159133911133e-01
-2.292174696922302246e-01
-7.785612344741821289e-01
-3.163171708583831787e-01
-6.374902129173278809e-01
6.137140467762947083e-02
-2.640040516853332520e-01
-1.374478697776794434e+00
-6.469091773033142090e-01
-1.292939066886901855e+00
-5.679014325141906738e-01
-4.318487346172332764e-01
-1.898227572441101074e+00
-4.989624619483947754e-01
-6.845325827598571777e-01
-3.646599650382995605e-01
-5.536730289459228516e-01
-9.155294895172119141e-01
-6.040578484535217285e-01
-8.397223949432373047e-01
-7.991102337837219238e-01
-1.753245592117309570e+00
-4.839085638523101807e-01
-5.392938852310180664e-01
-7.169299125671386719e-01
-2.765088677406311035e-01
-8.161619305610656738e-01
-6.395928859710693359e-01
-3.666622638702392578e-01
-6.998493671417236328e-01
-2.720564603805541992e-01
-4.181332588195800781e-01
-8.348287343978881836e-01
-8.768782019615173340e-01
-9.871459007263183594e-01
-3.339913785457611084e-01
-5.597681999206542969e-01
-6.405734419822692871e-01
-1.109172344207763672e+00
-6.906308531761169434e-01
-2.488612413406372070e+00
-6.585135459899902344e-01
-3.952703773975372314e-01
-1.959800571203231812e-01
-7.418262958526611328e-01
-7.955423593521118164e-01
-6.988182067871093750e-01
-4.426717162132263184e-01
-9.013099074363708496e-01
-1.622091650962829590e+00
-8.462951183319091797e-01
-6.870563626289367676e-01
-1.351093769073486328e+00
-3.622433245182037354e-01
-8.952115774154663086e-01
-5.731402635574340820e-01
-5.709307789802551270e-01
-3.458076715469360352e-01
-1.194356799125671387e+00
-5.845693945884704590e-01
-6.516622304916381836e-01
-4.318997561931610107e-01
-4.606936275959014893e-01
-9.745786190032958984e-01
-4.096742570400238037e-01
-2.394940555095672607e-01
-5.761078596115112305e-01
-3.585709333419799805e-01
-4.817882478237152100e-01
-4.682752490043640137e-01
-4.407899975776672363e-01
-3.371753096580505371e-01
-6.939870715141296387e-01
-7.823531031608581543e-01
-2.785748243331909180e+00
-2.597733736038208008e-01
-3.489755988121032715e-01
-3.535892665386199951e-01
-1.271060824394226074e+00
-6.935436129570007324e-01
-6.794688701629638672e-01
-4.612948298454284668e-01
-2.069096088409423828e+00
-4.510824084281921387e-01
-8.350741863250732422e-01
-5.871964097023010254e-01
-9.002087116241455078e-01
-3.478614985942840576e-01
-1.042687296867370605e+00
-4.555388092994689941e-01
-1.542416453361511230e+00
-4.303507208824157715e-01
-5.974491238594055176e-01
-4.553573429584503174e-01
-5.929497480392456055e-01
-1.686388812959194183e-02
-7.572727799415588379e-01
-7.559913396835327148e-01
-7.838581204414367676e-01
-3.243623077869415283e-01
-5.786534547805786133e-01
-1.024910211563110352e+00
-7.940708398818969727e-01
-6.776250600814819336e-01
-4.383181631565093994e-01
-1.132181644439697266e+00
-7.720158100128173828e-01
-4.420190155506134033e-01
-9.045472145080566406e-01
-5.581139326095581055e-01
-1.178618192672729492e+00
1.355000138282775879e-01
-8.249408602714538574e-01
-7.348930239677429199e-01
-7.744867205619812012e-01
-2.647470533847808838e-01
-6.977173686027526855e-01
-6.750940680503845215e-01
-7.723402976989746094e-01
-4.612786769866943359e-01
-5.906069874763488770e-01
-3.849183917045593262e-01
-6.707666516304016113e-01
-1.854794323444366455e-01
-1.607899546623229980e+00
-4.264876544475555420e-01
-2.459623068571090698e-01
-6.068883538246154785e-01
-2.411193102598190308e-01
-3.105260133743286133e-01
-1.170596718788146973e+00
-6.703085303306579590e-01
-3.011801838874816895e-01
-7.368608713150024414e-01
-8.355246186256408691e-01
-2.043141871690750122e-01
-8.105685114860534668e-01
-6.162936091423034668e-01
-2.659383118152618408e-01
-4.353022277355194092e-01
-7.575798630714416504e-01
-6.396266222000122070e-01
-5.044722557067871094e-01
-7.277975082397460938e-01
-4.786232113838195801e-01
-8.448563218116760254e-01
-7.681339383125305176e-01
-4.408810436725616455e-01
-6.353948712348937988e-01
-2.275640070438385010e-01
-7.244034409523010254e-01
-9.849901795387268066e-01
-6.731625795364379883e-01
-1.904423952102661133e+00
-4.987428486347198486e-01
-1.134467244148254395e+00
-9.873499870300292969e-01
-3.469381332397460938e-01
-1.121842622756958008e+00
-1.685161888599395752e-01
-6.458141207695007324e-01
-4.863824248313903809e-01
-6.416853666305541992e-01
-7.149788141250610352e-01
-5.827664732933044434e-01
-1.128381967544555664e+00
-6.535612940788269043e-01
-3.852936029434204102e-01
-6.802101135253906250e-01
-6.158667206764221191e-01
-7.970554828643798828e-01
-1.650434583425521851e-01
-6.647049784660339355e-01
-1.473136186599731445e+00
-5.609148740768432617e-01
-7.585938572883605957e-01
-5.755132436752319336e-01
-5.231904983520507812e-01
-7.243369817733764648e-01
-6.492004394531250000e-01
-6.682008504867553711e-01
-8.232525587081909180e-01
-6.034136414527893066e-01
-6.751657128334045410e-01
-1.377700686454772949e+00
-5.828537940979003906e-01
-6.505470871925354004e-01
-7.982332706451416016e-01
-7.514351010322570801e-01
-6.882615089416503906e-01
-4.300746023654937744e-01
-4.350294172763824463e-01
-7.680665254592895508e-01
-6.333122849464416504e-01
-1.148138761520385742e+00
-4.069558382034301758e-01
-5.832682251930236816e-01
-5.382651686668395996e-01
-1.301702141761779785e+00
-1.486952602863311768e-01
-7.210915684700012207e-01
-1.135310411453247070e+00
-2.777421474456787109e-01
-1.969442129135131836e+00
5.878917127847671509e-02
-2.256580591201782227e-01
-8.864053487777709961e-01
-5.512117743492126465e-01
-5.212764739990234375e-01
-5.407208800315856934e-01
-9.691165089607238770e-01
-6.566031575202941895e-01
-1.279917001724243164e+00
-2.522613108158111572e-01
-6.497374773025512695e-01
-5.048302412033081055e-01
-6.476371288299560547e-01
-5.458884835243225098e-01
-7.212063670158386230e-01
-1.055176615715026855e+00
-9.971409440040588379e-01
-2.376110702753067017e-01
-7.169976830482482910e-01
-1.575881958007812500e+00
-6.269589662551879883e-01
-1.070174932479858398e+00
-8.009334802627563477e-01
-1.325046539306640625e+00
-6.462388634681701660e-01
-1.093564033508300781e+00
-9.438825845718383789e-01
-6.744909882545471191e-01
-8.371571302413940430e-01
-4.384803771972656250e-01
-4.473527371883392334e-01
-7.288118004798889160e-01
-6.176355481147766113e-01
-1.049017190933227539e+00
-8.509168028831481934e-01
-1.351576566696166992e+00
-4.942372143268585205e-01
-5.975875854492187500e-01
-5.394882559776306152e-01
-4.182095229625701904e-01
-7.053151726722717285e-01
-7.802453041076660156e-01
-5.196324586868286133e-01
-2.565514445304870605e-01
-5.065605640411376953e-01
-5.435098409652709961e-01
3.954811021685600281e-02
-8.004236817359924316e-01
-4.137182533740997314e-01
-3.345900774002075195e-01
-5.333802103996276855e-01
-7.038659453392028809e-01
-8.868332505226135254e-01
-6.206465959548950195e-01
-2.287532985210418701e-01
-5.272623300552368164e-01
-7.411545515060424805e-01
-6.364951133728027344e-01
-6.419606208801269531e-01
-6.705033183097839355e-01
-6.579333543777465820e-01
-2.201976776123046875e-01
-4.691353142261505127e-01
-4.998925328254699707e-01
-2.106114178895950317e-01
-9.644127488136291504e-01
-7.870286107063293457e-01
-2.708536759018898010e-02
-7.690654397010803223e-01
-3.646637797355651855e-01
-3.620248138904571533e-01
-2.056409567594528198e-01
-8.085936903953552246e-01
-6.126276850700378418e-01
-6.572824120521545410e-01
-2.416412234306335449e-01
-5.260159373283386230e-01
-7.891134023666381836e-01
-2.411901801824569702e-01
-5.226433277130126953e-01
-1.349427580833435059e+00
-6.307308673858642578e-01
-7.395865917205810547e-01
-8.215509057044982910e-01
-5.785989165306091309e-01
-5.194646120071411133e-01
-5.271041989326477051e-01
-2.018895387649536133e+00
-5.092144608497619629e-01
-7.408667802810668945e-01
-7.131127119064331055e-01
-6.743589639663696289e-01
-5.903035998344421387e-01
-3.824339210987091064e-01
-6.032804846763610840e-01
-6.663926243782043457e-01
-7.529788017272949219e-01
-1.078685164451599121e+00
-9.644894599914550781e-01
-6.743589639663696289e-01
-4.766153097152709961e-01
-5.795717239379882812e-01
-9.060757756233215332e-01
-5.826337337493896484e-01
-4.351920783519744873e-01
-1.269862294197082520e+00
-5.641797780990600586e-01
-9.229959249496459961e-01
-3.854736983776092529e-01
-3.704261481761932373e-01
-1.593745589256286621e+00
-7.733611464500427246e-01
-3.303228318691253662e-01
-7.134340405464172363e-01
-7.781571149826049805e-01
-6.927868127822875977e-01
-5.616644620895385742e-01
-5.555311441421508789e-01
-1.465789556503295898e+00
-5.384284257888793945e-01
-2.904591262340545654e-01
-2.890254259109497070e-01
-4.087330102920532227e-01
-7.905743718147277832e-01
-1.515874624252319336e+00
-9.250958561897277832e-01
-6.158652901649475098e-01
-8.700357675552368164e-01
-4.239742755889892578e-01
-8.153821229934692383e-01
-4.930237531661987305e-01
-8.116353750228881836e-01
-6.549156904220581055e-01
-1.165002346038818359e+00
-7.759751677513122559e-01
-2.427596896886825562e-01
-6.421645879745483398e-01
-7.547792196273803711e-01
-8.478897213935852051e-01
-5.920625925064086914e-01
-6.588155031204223633e-01
-4.076929986476898193e-01
-8.272332549095153809e-01
-2.415867894887924194e-01
-1.297812819480895996e+00
-5.042886734008789062e-01
-1.540353894233703613e+00
-6.470031142234802246e-01
-5.499846935272216797e-01
-2.914077937602996826e-01
-6.760008931159973145e-01
-3.955645859241485596e-01
-4.628582000732421875e-01
-1.123540997505187988e+00
-1.572794169187545776e-01
-8.183351159095764160e-01
-1.249752521514892578e+00
-9.254427552223205566e-01
-6.657111048698425293e-01
-8.916962146759033203e-01
-7.905108332633972168e-01
-7.535568475723266602e-01
-6.024224162101745605e-01
-7.798943519592285156e-01
-1.765981078147888184e+00
-6.662350296974182129e-01
-7.031666636466979980e-01
-1.423224806785583496e+00
-4.717999100685119629e-01
-5.193044543266296387e-01
-6.170279979705810547e-01
-9.496887326240539551e-01
-9.957431554794311523e-01
-2.233865112066268921e-01
-5.363484025001525879e-01
-4.182036817073822021e-01
-2.934114933013916016e-01
-1.268774986267089844e+00
-2.746184468269348145e-01
-5.127340555191040039e-01
-6.288065910339355469e-01
-5.152266025543212891e-01
-3.586321473121643066e-01
-9.089179635047912598e-01
-3.211599290370941162e-01
-5.874263048171997070e-01
-3.852820098400115967e-01
-7.234776020050048828e-01
-1.090900659561157227e+00
-5.683412551879882812e-01
-5.914487242698669434e-01
-8.328633904457092285e-01
-9.984670281410217285e-01
-7.056308388710021973e-01
-6.876297593116760254e-01
-2.114292681217193604e-01
-8.475596904754638672e-01
-1.609059870243072510e-01
-7.798662781715393066e-01
-5.952165126800537109e-01
-7.823866605758666992e-01
-8.830048441886901855e-01
-7.522873282432556152e-01
-6.773564815521240234e-01
-7.899708747863769531e-01
-6.323196887969970703e-01
-1.128026247024536133e+00
-7.398136854171752930e-01
-4.567075073719024658e-01
-5.567239522933959961e-01
-6.533761620521545410e-01
-1.482496380805969238e+00
-3.163541853427886963e-01
-4.558376669883728027e-01
-9.787965416908264160e-01
-3.303205072879791260e-01
2.629247307777404785e-01
-4.470700621604919434e-01
-7.894209027290344238e-01
-5.704131126403808594e-01
-4.232745468616485596e-01
-3.462180495262145996e-01
-2.022909969091415405e-01
-4.018176794052124023e-01
-3.899419605731964111e-01
2.311391383409500122e-02
-6.035487055778503418e-01
-5.003618597984313965e-01
-8.620460033416748047e-01
-7.770212292671203613e-01
-5.907232761383056641e-01
-4.491419494152069092e-01
-6.003045439720153809e-01
-2.364248186349868774e-01
-6.573221087455749512e-01
-5.284746885299682617e-01
-6.244646310806274414e-01
-3.067504465579986572e-01
-4.929167330265045166e-01
-8.523820042610168457e-01
-2.782838642597198486e-01
-1.711272120475769043e+00
-1.836320161819458008e+00
-3.448908627033233643e-01
-5.433724522590637207e-01
-8.931804895401000977e-01
-4.868087917566299438e-02
-1.247117280960083008e+00
-7.362003922462463379e-01
-7.941445112228393555e-01
-2.522065341472625732e-01
-6.536082029342651367e-01
-1.943149447441101074e+00
-5.831414461135864258e-01
-9.946606159210205078e-01
-1.696142196655273438e+00
-4.769518673419952393e-01
-5.446792244911193848e-01
-8.100563883781433105e-01
-1.116134762763977051e+00
-1.630628407001495361e-01
-6.910459399223327637e-01
-2.142386674880981445e+00
-6.134339570999145508e-01
-7.752951979637145996e-01
-6.983047723770141602e-01
-5.543254017829895020e-01
-6.270495057106018066e-01
-7.291194200515747070e-01
-2.194058597087860107e-01
-7.708659768104553223e-01
-1.272399663925170898e+00
-2.066546976566314697e-01
-5.112958550453186035e-01
-1.091634631156921387e+00
-2.662928104400634766e-01
-1.131131172180175781e+00
-7.571977972984313965e-01
-1.219326257705688477e+00
-5.209311842918395996e-01
-5.280820727348327637e-01
-2.030220478773117065e-01
-6.197956800460815430e-01
-7.887184023857116699e-01
-1.970044225454330444e-01
-1.317403167486190796e-01
-1.749361008405685425e-01
-6.627724766731262207e-01
-1.152664184570312500e+00
-8.217214345932006836e-01
-8.382567167282104492e-01
-8.735390305519104004e-01
-7.017624974250793457e-01
-6.140564084053039551e-01
-4.661750197410583496e-01
-4.409762620925903320e-01
-4.347243309020996094e-01
-6.419086456298828125e-01
-5.262621045112609863e-01
-3.078279495239257812e-01
-5.951430797576904297e-01
-3.887794017791748047e-01
-1.843145132064819336e+00
-7.083726525306701660e-01
-1.291849136352539062e+00
-5.637532472610473633e-01
-1.022987127304077148e+00
-3.339755907654762268e-02
-6.564455032348632812e-01
-9.031692743301391602e-01
-4.374769926071166992e-01
-8.179951906204223633e-01
-1.613114714622497559e+00
-7.561681866645812988e-01
-5.038727521896362305e-01
-6.215533614158630371e-01
-7.143935561180114746e-01
-5.034124851226806641e-01
-6.583661437034606934e-01
-5.449157357215881348e-01
-5.262836217880249023e-01
-7.535487413406372070e-01
-5.741368532180786133e-01
-7.767992019653320312e-01
-8.102590441703796387e-01
-8.235820531845092773e-01
-6.231529712677001953e-01
-1.395304441452026367e+00
-4.458349347114562988e-01
-1.227956175804138184e+00
-5.895513892173767090e-01
-4.383470714092254639e-01
-3.116393387317657471e-01
-7.977730780839920044e-02
-3.241971731185913086e-01
-3.604028522968292236e-01
-5.039338469505310059e-01
-3.940187394618988037e-01
-1.010141611099243164e+00
-3.152532875537872314e-01
-5.006609559059143066e-01
-3.856746256351470947e-01
-3.653070926666259766e-01
-6.411922574043273926e-01
-8.892589211463928223e-01
-5.430113673210144043e-01
-6.653463840484619141e-01
-5.859357714653015137e-01
6.002644449472427368e-02
-8.408427238464355469e-01
-3.606982231140136719e-01
-1.524051547050476074e+00
-3.353405892848968506e-01
-1.213681459426879883e+00
-3.932274281978607178e-01
-1.215450644493103027e+00
-3.064546883106231689e-01
-5.732625126838684082e-01
-7.279064059257507324e-01
-7.381091117858886719e-01
-7.014814019203186035e-01
-9.331093430519104004e-01
-6.480070352554321289e-01
-6.310210227966308594e-01
-8.000056743621826172e-01
