-7.609762996435165405e-02
-1.226554393768310547e+00
-1.104873538017272949e+00
-1.647398710250854492e+00
-3.684999346733093262e-01
-8.851154446601867676e-01
-1.860143065452575684e+00
-1.501468896865844727e+00
7.394977211952209473e-01
-1.262130022048950195e+00
-1.653101563453674316e+00
5.344498157501220703e-01
-6.311542391777038574e-01
-5.142601132392883301e-01
-7.775324583053588867e-01
-4.423086643218994141e-01
-1.472679138183593750e+00
-1.726167321205139160e+00
-1.263065189123153687e-01
5.357835292816162109e-01
-1.624813199043273926e+00
6.784892678260803223e-01
-1.461882591247558594e+00
-7.693261653184890747e-02
-2.123269081115722656e+00
-1.106547713279724121e+00
7.141807079315185547e-01
1.303498625755310059e+00
-6.042385101318359375e-01
8.065558671951293945e-01
-1.156531810760498047e+00
-4.508596658706665039e-01
