7.604691386222839355e-02
3.639710322022438049e-02
1.384503394365310669e-01
-1.629470437765121460e-01
-7.775224447250366211e-01
6.138947606086730957e-01
-1.494364589452743530e-01
-3.079293109476566315e-02
-2.507814168930053711e-01
5.414269119501113892e-02
2.733060717582702637e-01
-2.520818412303924561e-01
-4.892287775874137878e-02
1.073655039072036743e-01
-2.257122844457626343e-01
-9.824345260858535767e-02
-2.221193015575408936e-01
1.182670518755912781e-02
1.374876946210861206e-01
-3.037259280681610107e-01
5.083606243133544922e-01
-1.056996881961822510e-01
-3.746601045131683350e-01
1.604943871498107910e-01
-5.197562277317047119e-02
-1.450951397418975830e-01
1.841551810503005981e-02
-9.872316569089889526e-02
1.428749691694974899e-02
-2.038039714097976685e-01
-6.173604354262351990e-02
6.428536027669906616e-02
-2.136518955230712891e-01
-3.842099383473396301e-02
-1.664672791957855225e-01
5.538358166813850403e-02
-1.113495528697967529e-01
2.859216034412384033e-01
-5.143172144889831543e-01
1.812548339366912842e-01
-1.977624595165252686e-01
3.363169133663177490e-01
-2.634819038212299347e-02
-8.830222487449645996e-02
5.113043636083602905e-02
-5.551863834261894226e-02
-2.622464597225189209e-01
2.023300975561141968e-01
-3.385585965588688850e-03
8.003928512334823608e-02
-1.151929199695587158e-01
-1.955255270004272461e-01
-1.337884515523910522e-01
-2.690310776233673096e-01
-5.531059578061103821e-02
8.074535871855914593e-04
-8.874519914388656616e-02
-2.781690359115600586e-01
-4.731718897819519043e-01
-5.645032599568367004e-02
-9.874565154314041138e-02
-1.858565062284469604e-01
-4.991624131798744202e-02
2.744321823120117188e-01
4.203946292400360107e-01
9.569343179464340210e-02
-1.070969700813293457e-01
-4.859311580657958984e-01
1.732717752456665039e-01
7.249736040830612183e-02
-8.471692353487014771e-02
2.287369519472122192e-01
-6.362921744585037231e-02
8.397081494331359863e-02
-3.985306024551391602e-01
9.890364855527877808e-02
-2.321142330765724182e-02
2.209817320108413696e-01
3.175998479127883911e-02
-6.115748360753059387e-02
8.432272076606750488e-02
-3.182787075638771057e-02
1.084749922156333923e-01
-1.472461819648742676e-01
-2.925601787865161896e-02
-1.067585721611976624e-01
1.091172546148300171e-01
6.351532787084579468e-02
-6.674164533615112305e-02
1.880497038364410400e-01
-2.156317085027694702e-01
-4.278671145439147949e-01
1.729631796479225159e-02
-7.396420836448669434e-02
1.650558859109878540e-01
-2.845390141010284424e-01
2.109376527369022369e-02
-1.974134296178817749e-01
2.568800449371337891e-01
-1.458317041397094727e-01
7.161673158407211304e-02
-4.465238451957702637e-01
-1.324100792407989502e-01
-2.237945646047592163e-01
-2.637247182428836823e-02
5.765815451741218567e-02
-3.738790983334183693e-03
6.181916594505310059e-02
-4.159935936331748962e-02
-1.175490170717239380e-01
1.144816447049379349e-02
-1.859673112630844116e-01
-4.113099873065948486e-01
-3.064178675413131714e-02
-1.734266579151153564e-01
-3.665098845958709717e-01
6.604008376598358154e-02
-2.683253213763237000e-02
2.677596509456634521e-01
-1.698690839111804962e-02
1.311272233724594116e-01
2.232199311256408691e-01
4.839477315545082092e-02
-2.698846757411956787e-01
8.179456591606140137e-01
-9.157726764678955078e-01
1.039735525846481323e-01
2.955730259418487549e-01
1.592212766408920288e-01
7.339491974562406540e-03
-1.778904795646667480e-01
1.573982685804367065e-01
5.563586950302124023e-03
1.032618805766105652e-01
-1.195131167769432068e-01
-7.170533388853073120e-02
-2.363837659358978271e-01
1.041510552167892456e-01
-1.153977662324905396e-01
1.182925514876842499e-02
-2.274186909198760986e-01
-7.489816844463348389e-02
-4.129742272198200226e-03
-1.583564877510070801e-01
5.711152032017707825e-02
-3.379008471965789795e-01
4.194760918617248535e-01
2.205619066953659058e-01
-1.362859606742858887e-01
5.550497174263000488e-01
6.248639896512031555e-03
8.524424582719802856e-02
-1.105494722723960876e-01
7.697878777980804443e-02
2.540543973445892334e-01
-1.649524569511413574e-01
-1.364909857511520386e-01
-2.245771735906600952e-01
-7.593542337417602539e-02
-4.256028681993484497e-02
8.608894050121307373e-02
-1.970715671777725220e-01
1.555538922548294067e-01
3.385605216026306152e-01
-2.640495449304580688e-02
6.136984378099441528e-02
-6.450400948524475098e-01
7.698608040809631348e-01
5.676034092903137207e-02
6.333376169204711914e-01
-6.147259473800659180e-01
1.166013255715370178e-01
2.794288992881774902e-01
-1.055759340524673462e-01
-1.040117070078849792e-01
-3.225134611129760742e-01
1.301465928554534912e-01
6.892883777618408203e-02
3.538728654384613037e-01
-3.106608092784881592e-01
-1.184344142675399780e-01
5.646958351135253906e-01
-9.033764600753784180e-01
1.426125317811965942e-01
5.979819595813751221e-02
2.286821901798248291e-01
-8.201483637094497681e-02
4.725967720150947571e-02
-1.624334156513214111e-01
-1.514328122138977051e-01
-5.722461938858032227e-01
3.352936506271362305e-01
