5.047274231910705566e-01
1.277563214302062988e+00
1.242864012718200684e+00
-1.602208852767944336e+00
-4.776953160762786865e-01
-3.863747119903564453e-01
1.918964385986328125e-01
-5.688257813453674316e-01
-3.983398437500000000e+00
7.798430919647216797e-01
1.834469437599182129e+00
9.133061766624450684e-01
1.711463093757629395e+00
-1.220424532890319824e+00
-3.106496930122375488e-01
4.247935712337493896e-01
1.417723298072814941e+00
4.734213054180145264e-01
5.353423953056335449e-01
-2.201433628797531128e-01
-2.332849025726318359e+00
4.829379022121429443e-01
-1.530904531478881836e+00
6.405405402183532715e-01
2.368626371026039124e-02
3.929892554879188538e-02
-2.702730894088745117e-01
1.441776990890502930e+00
-7.755477428436279297e-01
6.312434673309326172e-01
-2.296009510755538940e-01
1.100094199180603027e+00
-2.756781578063964844e-01
-2.623719274997711182e-01
2.167496830224990845e-01
-4.463578760623931885e-02
-1.466495394706726074e+00
-2.943893671035766602e-01
1.106915593147277832e+00
1.357971906661987305e+00
-8.740710020065307617e-01
2.195953279733657837e-01
-1.268530189990997314e-01
-6.547102928161621094e-01
2.299427986145019531e+00
-8.114907741546630859e-01
1.426959514617919922e+00
2.668233394622802734e+00
-1.061766266822814941e+00
-2.198629140853881836e+00
2.872903645038604736e-01
1.678351044654846191e+00
-3.073921442031860352e+00
9.097362756729125977e-01
1.534492135047912598e+00
-1.279742360115051270e+00
-1.932899713516235352e+00
-9.272058308124542236e-02
-2.295316159725189209e-01
4.480542540550231934e-01
-2.879674732685089111e-02
1.319343805313110352e+00
1.512826323509216309e+00
-7.429508566856384277e-01
