3.065131008625030518e-01
-6.590753793716430664e-02
2.404836565256118774e-02
-1.211626008152961731e-01
4.293512925505638123e-02
-4.472466409206390381e-01
-3.627992868423461914e-01
-2.543312013149261475e-01
2.113993763923645020e-01
2.495211362838745117e-01
-1.690002679824829102e-01
1.926443725824356079e-01
-1.494149267673492432e-01
-6.518271565437316895e-01
3.156344890594482422e-01
-6.441230326890945435e-02
1.104111596941947937e-01
3.238412737846374512e-01
-1.899098902940750122e-01
2.120749466121196747e-02
-2.317153662443161011e-01
3.625482618808746338e-01
-2.752689421176910400e-01
2.129634022712707520e-01
-4.709674790501594543e-02
-4.629294574260711670e-02
-2.066491395235061646e-01
-9.941524863243103027e-01
2.838379936292767525e-03
-1.862769573926925659e-01
-4.853895306587219238e-02
-7.076258212327957153e-02
3.851133957505226135e-02
-2.065278962254524231e-02
-3.202515095472335815e-02
-2.127259820699691772e-01
1.699766516685485840e-01
-1.219814047217369080e-01
2.479892075061798096e-01
1.760038882493972778e-01
8.807712793350219727e-01
1.635151058435440063e-01
-2.933141589164733887e-01
-1.579748243093490601e-01
3.537696003913879395e-01
-3.969763591885566711e-02
2.855815589427947998e-01
5.744576826691627502e-02
9.627965837717056274e-02
-4.955879226326942444e-02
-1.728271394968032837e-01
-8.947333693504333496e-02
1.473032832145690918e-01
1.016823668032884598e-02
-2.509681694209575653e-02
-4.736786186695098877e-01
1.222238168120384216e-01
3.341241553425788879e-02
1.611507982015609741e-01
2.021096646785736084e-01
2.892237007617950439e-01
2.631975710391998291e-01
-8.789957165718078613e-01
-1.157184168696403503e-01
-2.038516700267791748e-01
-7.424273490905761719e-01
-5.138804912567138672e-01
-8.606588840484619141e-02
1.480674892663955688e-01
1.222849413752555847e-01
6.454288214445114136e-02
-5.248334407806396484e-01
-3.286979794502258301e-01
-5.111147761344909668e-01
-2.180199027061462402e-01
-3.275665938854217529e-01
-1.759239286184310913e-01
-2.929945886135101318e-01
-2.491357773542404175e-01
9.279029816389083862e-02
-7.903712987899780273e-02
-1.398333758115768433e-01
-2.983308434486389160e-01
1.791318058967590332e-01
1.611593738198280334e-02
-1.035913228988647461e-01
-9.110704064369201660e-01
8.464311063289642334e-02
3.546396791934967041e-01
-1.315592043101787567e-02
-6.495643407106399536e-02
-2.532018721103668213e-01
-6.335077881813049316e-01
-3.167895972728729248e-02
-4.499054849147796631e-01
2.173604369163513184e-01
-8.356461673974990845e-02
1.396661624312400818e-02
-1.624912321567535400e-01
3.978487849235534668e-02
-4.649328589439392090e-01
-1.082520857453346252e-01
-2.513524889945983887e-01
-1.847756624221801758e+00
-2.951745986938476562e-01
1.211018785834312439e-01
-1.283710747957229614e-01
-1.354631632566452026e-01
-2.233398109674453735e-01
8.340372890233993530e-02
-2.561678923666477203e-02
-2.084935605525970459e-01
-9.990016371011734009e-02
3.345788419246673584e-01
-3.777306675910949707e-01
-2.915047705173492432e-01
-1.951392889022827148e-01
-1.591403037309646606e-01
-1.672360002994537354e-01
8.552848547697067261e-02
3.257827162742614746e-01
-3.475044667720794678e-01
-4.060321748256683350e-01
-2.915713004767894745e-03
3.162633180618286133e-01
3.685016185045242310e-03
-4.152402877807617188e-01
-6.516203284263610840e-02
-9.751802086830139160e-01
-2.299336045980453491e-01
-5.648494362831115723e-01
1.526225507259368896e-01
-7.710581179708242416e-03
4.600482434034347534e-02
-1.921653300523757935e-01
-9.352245926856994629e-02
-4.518569409847259521e-01
3.887795507907867432e-01
1.861185394227504730e-02
-6.456533074378967285e-01
-2.838433980941772461e-01
2.767618894577026367e-01
-1.107228323817253113e-01
1.528324186801910400e-01
3.126344680786132812e-01
3.841509819030761719e-01
-2.478989362716674805e-01
1.027756258845329285e-01
-5.618255734443664551e-01
9.752207994461059570e-02
2.163372486829757690e-01
5.760736390948295593e-02
2.082874178886413574e-01
-3.191345334053039551e-01
-4.966862872242927551e-02
7.988810539245605469e-02
-2.751591801643371582e-02
-1.529554426670074463e-01
3.730930984020233154e-01
-2.066144943237304688e-01
-9.460965543985366821e-02
2.438517510890960693e-01
-1.842760294675827026e-01
6.228533387184143066e-02
3.921869099140167236e-01
-1.324630528688430786e-01
-4.884738847613334656e-02
3.051463514566421509e-03
-2.712876796722412109e-01
8.763428032398223877e-02
-1.518890708684921265e-01
-1.468246281147003174e-01
-3.265144526958465576e-01
-1.127308700233697891e-02
1.414648294448852539e-01
-1.455623060464859009e-01
-8.310278877615928650e-03
-1.923531107604503632e-02
-3.079744875431060791e-01
-1.674013435840606689e-01
7.403961569070816040e-02
-2.660080790519714355e-01
1.584124267101287842e-01
4.406987503170967102e-02
2.508651614189147949e-01
-2.332681268453598022e-01
2.350520193576812744e-01
1.616316437721252441e-01
-1.706038266420364380e-01
2.328266799449920654e-01
1.074859872460365295e-03
3.909639418125152588e-01
-2.394757568836212158e-01
-1.017030701041221619e-01
4.721055179834365845e-02
1.065059900283813477e-01
1.106259599328041077e-01
6.304907798767089844e-02
-1.572433471679687500e+00
-1.245417222380638123e-01
-3.705752491950988770e-01
1.089232936501502991e-01
-2.527323961257934570e-01
1.161820217967033386e-01
-2.856101989746093750e-01
-2.073226571083068848e-01
3.939647078514099121e-01
8.988409489393234253e-02
4.792413711547851562e-01
-6.559637933969497681e-02
-1.560611724853515625e-01
3.783110678195953369e-01
6.882034242153167725e-02
-7.798359990119934082e-01
-2.115501761436462402e-01
1.054181307554244995e-01
9.236070327460765839e-03
7.390520721673965454e-02
6.029542684555053711e-01
-1.629884392023086548e-01
1.784680038690567017e-01
-2.054298967123031616e-01
3.238268494606018066e-01
-2.675521969795227051e-01
-2.788022160530090332e-01
-9.425730258226394653e-02
-1.330843091011047363e+00
1.235155388712882996e-01
6.615491956472396851e-02
-4.740866124629974365e-01
-3.166325688362121582e-01
-2.336520254611968994e-01
-1.204482465982437134e-01
-5.450031757354736328e-01
-5.632689967751502991e-02
-5.357796549797058105e-01
-2.960238754749298096e-01
-5.126121267676353455e-02
-3.548857569694519043e-01
-1.167497187852859497e-01
1.223622709512710571e-01
2.185589075088500977e-01
1.626326292753219604e-01
-2.637260258197784424e-01
-1.182931363582611084e-01
8.806539326906204224e-02
-7.180333137512207031e-02
4.532995223999023438e-01
-7.387441396713256836e-02
-2.350702881813049316e-02
-3.396746888756752014e-02
-7.213714718818664551e-02
-6.749556064605712891e-01
1.553519815206527710e-01
-1.727968007326126099e-01
-2.285930663347244263e-01
-3.787971138954162598e-01
2.057529389858245850e-01
-1.221332605928182602e-02
-3.446877002716064453e-01
2.283330708742141724e-01
4.077577292919158936e-01
-3.295467495918273926e-01
-1.561069488525390625e-01
1.052110940217971802e-01
4.797897636890411377e-01
-8.197897672653198242e-02
-9.147266298532485962e-02
3.784697949886322021e-01
-4.746868908405303955e-01
-9.958222508430480957e-02
-3.636400103569030762e-01
-1.018058601766824722e-02
-6.774023920297622681e-02
2.958110570907592773e-01
-2.797041535377502441e-01
1.777461916208267212e-01
-7.608847022056579590e-01
-2.384639531373977661e-01
9.158147871494293213e-02
-5.241635441780090332e-01
7.262778282165527344e-02
4.183647632598876953e-01
-1.271640360355377197e-01
-1.183061208575963974e-02
-7.862006127834320068e-02
-1.790224015712738037e-01
5.397885665297508240e-02
1.545304208993911743e-01
-9.503893554210662842e-02
-4.867058992385864258e-02
-4.204516708850860596e-01
-4.379020929336547852e-01
-9.150566160678863525e-02
-2.197832763195037842e-01
-1.176823496818542480e+00
-1.972739845514297485e-01
9.368307143449783325e-02
-3.432207182049751282e-02
1.504195183515548706e-01
-1.506816968321800232e-02
-3.666479587554931641e-01
-2.349860817193984985e-01
9.214276075363159180e-02
6.340859085321426392e-02
-9.664607048034667969e-02
5.206772089004516602e-01
1.910347789525985718e-01
2.540052235126495361e-01
-3.322955369949340820e-01
-3.499729633331298828e-01
2.605036497116088867e-01
-2.322522997856140137e-01
-4.894713759422302246e-01
2.437333017587661743e-01
2.358992397785186768e-01
2.476036995649337769e-01
-2.463643699884414673e-01
-2.331787943840026855e-01
-2.794088125228881836e-01
-2.768570184707641602e-01
-2.140588283538818359e+00
-2.350148558616638184e-02
-9.093573689460754395e-02
-1.599491536617279053e-01
-1.193791866302490234e+00
5.853965282440185547e-01
-1.015437483787536621e+00
-5.427077412605285645e-01
4.099803864955902100e-01
-4.389447569847106934e-01
-1.417910456657409668e+00
-5.789525061845779419e-02
3.393372595310211182e-01
-1.484996378421783447e-01
-6.703277677297592163e-02
7.662130892276763916e-02
-2.980990409851074219e-01
-1.651997119188308716e-01
-1.674825511872768402e-02
-3.631701171398162842e-01
-4.464503750205039978e-02
-4.349424317479133606e-02
4.377725422382354736e-01
-1.933829039335250854e-01
-1.096183657646179199e-01
7.061121463775634766e-01
-4.007115662097930908e-01
9.483536332845687866e-02
2.775854468345642090e-01
-5.362289771437644958e-02
-2.703278958797454834e-01
-2.561456561088562012e-01
-4.881628751754760742e-01
-7.910628616809844971e-02
-3.286468982696533203e-01
-3.005409240722656250e-01
-7.181521058082580566e-01
-2.171792834997177124e-01
-4.707930088043212891e-01
3.582396805286407471e-01
1.006039418280124664e-02
1.626717625185847282e-03
9.567182511091232300e-02
-2.186544388532638550e-01
-1.139381051063537598e+00
-1.537997275590896606e-01
-1.163545995950698853e-01
-2.977850437164306641e-01
-3.406988382339477539e-01
-6.894927471876144409e-02
-1.491769999265670776e-01
-1.828983724117279053e-01
-7.959628105163574219e-01
-1.784926652908325195e-01
5.656543001532554626e-02
-2.556840777397155762e-01
-3.239333331584930420e-01
-4.010947346687316895e-01
-2.262293845415115356e-01
-6.203041598200798035e-02
1.612983793020248413e-01
-3.651525974273681641e-01
-4.291302859783172607e-01
1.600072830915451050e-01
-9.910598397254943848e-02
4.237938672304153442e-02
-1.332907676696777344e+00
-2.604806721210479736e-01
2.347399480640888214e-02
-1.004597544670104980e+00
3.353154659271240234e-02
5.467505455017089844e-01
5.799584835767745972e-02
-2.550977468490600586e-01
-4.755198955535888672e-01
-3.926280140876770020e-02
4.739015996456146240e-01
-2.664232552051544189e-01
-3.324445784091949463e-01
-1.015094071626663208e-01
-2.608332633972167969e-01
-3.537956178188323975e-01
-1.419098973274230957e-01
2.260666340589523315e-01
-2.507085800170898438e-01
-2.241959869861602783e-01
1.752391085028648376e-02
-5.058836936950683594e-01
1.597548089921474457e-02
-1.329900771379470825e-01
-8.601516485214233398e-02
1.118099465966224670e-01
-9.694882482290267944e-02
-2.054891586303710938e-01
-1.687702387571334839e-01
1.856747269630432129e-01
-4.694800078868865967e-02
-8.881980776786804199e-01
-1.970712542533874512e-01
-1.207143962383270264e-01
1.223123073577880859e-01
-6.911466717720031738e-01
-4.523380100727081299e-01
-2.274801582098007202e-01
-1.336058378219604492e+00
2.159676700830459595e-01
9.001628309488296509e-02
3.423205809667706490e-03
-5.413413047790527344e-01
-6.197842359542846680e-01
-2.604850828647613525e-01
-9.068503230810165405e-02
3.621317148208618164e-01
3.690462410449981689e-01
-1.161872446537017822e-01
1.112053543329238892e-01
-2.387625575065612793e-01
3.945043683052062988e-01
4.075044766068458557e-02
-5.877882242202758789e-03
-1.167522892355918884e-01
-1.548565030097961426e-01
-3.343210518360137939e-01
-7.191860675811767578e-01
7.196897268295288086e-02
-3.377841040492057800e-02
-4.363279640674591064e-01
-6.081759557127952576e-02
-5.868757367134094238e-01
-6.965547800064086914e-01
2.128566950559616089e-01
-8.992808312177658081e-02
-7.521667480468750000e-01
-1.218907982110977173e-01
1.400669664144515991e-01
5.753216519951820374e-02
-1.097224354743957520e+00
-2.589217722415924072e-01
-1.447013765573501587e-01
-2.553688734769821167e-02
-8.951966762542724609e-01
4.990705102682113647e-02
2.981714904308319092e-01
-7.876371741294860840e-01
7.306475192308425903e-02
1.306269783526659012e-02
-3.271374106407165527e-02
4.705764055252075195e-01
-1.019877672195434570e+00
-2.122118473052978516e-01
9.383283555507659912e-02
1.656576693058013916e-01
1.355494976043701172e+00
3.435916081070899963e-02
-8.083288073539733887e-01
3.630569875240325928e-01
4.790971055626869202e-02
8.275922536849975586e-01
4.401725530624389648e-02
-2.130168199539184570e+00
1.979255378246307373e-01
-1.130094304680824280e-01
2.545501338317990303e-03
8.203221112489700317e-02
2.604863345623016357e-01
-7.453306913375854492e-01
-5.237403512001037598e-01
-3.121605813503265381e-01
-1.236507967114448547e-01
-7.896532118320465088e-02
-1.864198595285415649e-01
-2.139197289943695068e-01
9.513349086046218872e-02
-4.927147626876831055e-01
-5.812817811965942383e-01
7.490831613540649414e-01
5.025554299354553223e-01
-9.736384153366088867e-01
-1.838840484619140625e+00
-1.109074726700782776e-01
-2.425403445959091187e-01
-1.493552207946777344e+00
-2.944389820098876953e+00
3.022767305374145508e-01
-8.022819645702838898e-03
5.082788467407226562e-01
-2.982369065284729004e-01
-4.609777927398681641e-01
1.092637330293655396e-01
-1.784971833229064941e+00
-1.215334296226501465e+00
-2.047550827264785767e-01
5.155678987503051758e-01
-8.278483152389526367e-02
-2.095597535371780396e-01
-7.734349370002746582e-02
-3.767167329788208008e-01
-1.091690082103013992e-02
-7.558331489562988281e-01
-1.087941378355026245e-01
1.481271982192993164e-01
2.425757199525833130e-01
-5.984474420547485352e-01
3.247364759445190430e-01
-5.801293253898620605e-01
-1.864469200372695923e-01
4.337584674358367920e-01
-1.083160713315010071e-01
2.903933525085449219e-01
4.434678256511688232e-01
-2.025557905435562134e-01
1.438116878271102905e-01
3.555652499198913574e-01
-3.295835256576538086e-01
-2.622476816177368164e-01
2.969006001949310303e-01
1.011291891336441040e-01
2.456126362085342407e-01
2.095730602741241455e-01
2.688050866127014160e-01
-3.251325786113739014e-01
-6.149632856249809265e-02
6.974687427282333374e-02
-8.632314950227737427e-02
-1.763508468866348267e-01
1.665126532316207886e-01
1.981885433197021484e-01
-1.055237725377082825e-01
2.501111030578613281e-01
1.263058483600616455e-01
2.363840937614440918e-01
-3.666587471961975098e-01
4.469290748238563538e-02
-2.648920416831970215e-01
-2.986444532871246338e-01
-8.888769149780273438e-02
-3.239512145519256592e-01
1.889159679412841797e-01
3.504808545112609863e-01
3.839182853698730469e-01
6.067090481519699097e-02
-6.980071663856506348e-01
1.942135244607925415e-01
2.438394427299499512e-01
1.645499616861343384e-01
-8.187779784202575684e-02
-2.234521508216857910e-02
-1.277416795492172241e-01
-2.827522754669189453e-01
-1.064318045973777771e-01
-1.513621117919683456e-02
4.841410815715789795e-01
-5.413580536842346191e-01
9.278514981269836426e-02
1.825328916311264038e-01
-8.655592799186706543e-02
-2.587589025497436523e-01
-7.813587435521185398e-04
2.473649531602859497e-01
-2.958335876464843750e-01
5.031276494264602661e-02
8.908988237380981445e-01
-8.252208936028182507e-04
-1.694095432758331299e-01
-7.575172930955886841e-02
8.605454862117767334e-02
-1.346786469221115112e-01
-2.514294385910034180e-01
2.061843872070312500e-01
3.797453045845031738e-01
-1.056285277009010315e-01
7.562219351530075073e-02
-1.710843890905380249e-01
-2.700562477111816406e-01
-1.395832598209381104e-01
-2.555371820926666260e-01
-2.804810702800750732e-01
-6.965765357017517090e-02
-3.514462709426879883e-01
-5.486909300088882446e-02
-3.008987568318843842e-02
-5.248562619090080261e-02
-1.159725859761238098e-01
-2.244356460869312286e-02
-2.902100607752799988e-02
-1.840220242738723755e-01
-2.877701539546251297e-03
-1.064244359731674194e-01
-5.564632639288902283e-02
1.151187062263488770e+00
1.803699433803558350e-01
-2.096620351076126099e-01
-1.486025005578994751e-01
-6.849590688943862915e-02
4.612061381340026855e-02
4.868521094322204590e-01
4.760185722261667252e-03
-2.849029302597045898e-01
1.461743712425231934e-01
-1.940257032401859760e-03
-1.549001485109329224e-01
-8.397517204284667969e-01
-9.456859529018402100e-02
-2.092897742986679077e-01
-1.085064262151718140e-01
6.740919947624206543e-01
-5.568319559097290039e-02
9.071359783411026001e-02
9.190125763416290283e-02
-2.009030580520629883e-01
-2.062566950917243958e-02
-5.960471034049987793e-01
2.476730197668075562e-02
2.635970897972583771e-02
8.052727580070495605e-02
-8.958610892295837402e-01
-1.855657100677490234e+00
-1.491946280002593994e-01
-1.154718268662691116e-02
1.979666948318481445e-01
-6.289233267307281494e-02
-2.323416993021965027e-02
1.465853154659271240e-01
2.686029374599456787e-01
3.275356292724609375e-01
2.870021760463714600e-01
2.904066443443298340e-01
3.296314924955368042e-02
-8.480850458145141602e-01
2.080129086971282959e-01
5.296003818511962891e-01
3.391207754611968994e-01
1.164307724684476852e-02
1.312144994735717773e-01
1.340012550354003906e-01
3.459617197513580322e-01
-7.158274203538894653e-02
-2.234578430652618408e-01
-9.715421125292778015e-03
3.834379613399505615e-01
2.909717857837677002e-01
-4.740152060985565186e-01
5.314722061157226562e-01
-2.792747616767883301e-01
3.191898465156555176e-01
-1.042216829955577850e-02
-3.964397311210632324e-01
-1.599393188953399658e-01
4.657318294048309326e-01
-3.628065884113311768e-01
3.594227731227874756e-01
-9.489274770021438599e-02
4.779332876205444336e-01
-1.590075530111789703e-02
-5.679375529289245605e-01
-2.462067455053329468e-01
3.146952390670776367e-01
-1.048075333237648010e-01
-1.369518637657165527e-01
4.762608706951141357e-01
2.318006753921508789e-01
-3.525948822498321533e-01
1.296940296888351440e-01
-3.452598452568054199e-01
-8.749713748693466187e-02
3.375502824783325195e-01
-5.295971632003784180e-01
3.700277209281921387e-02
-5.385104417800903320e-01
9.737055748701095581e-02
-8.701286464929580688e-02
-4.479123279452323914e-02
-7.365196943283081055e-02
5.141723155975341797e-01
3.422295451164245605e-01
-3.146987557411193848e-01
2.681284248828887939e-01
7.018284499645233154e-02
1.525302529335021973e-01
-1.586427539587020874e-01
-7.905876636505126953e-02
8.905570209026336670e-02
-1.696451902389526367e-01
1.298878043889999390e-01
-5.741583108901977539e-01
-2.333548218011856079e-01
-9.811075776815414429e-02
-6.114036962389945984e-02
-5.463015660643577576e-02
-5.936438441276550293e-01
-1.210495755076408386e-01
-3.335781693458557129e-01
-3.775515258312225342e-01
-2.414696961641311646e-01
-2.327324450016021729e-01
7.935922592878341675e-02
-2.761993110179901123e-01
-4.294817149639129639e-01
1.190542522817850113e-02
-1.283899247646331787e-01
-2.712441608309745789e-02
-1.473120301961898804e-01
-4.513605833053588867e-01
-3.786123096942901611e-01
3.086622655391693115e-01
-3.976888954639434814e-01
3.198216902092099190e-03
1.164013221859931946e-01
-4.081965088844299316e-01
-3.119861483573913574e-01
-3.077444434165954590e-01
-5.645592212677001953e-01
1.681148707866668701e-01
-1.080138236284255981e-01
-2.124350070953369141e-01
-1.845565736293792725e-01
-3.766132891178131104e-01
-4.928914606571197510e-01
-3.461110219359397888e-02
-3.252732455730438232e-01
-2.111791968345642090e-01
7.338936626911163330e-02
-6.137704849243164062e-01
3.091902732849121094e-01
-4.345226287841796875e-02
3.919501788914203644e-03
-6.529469490051269531e-01
-1.972711384296417236e-01
-3.073846688494086266e-03
-1.999822109937667847e-01
-1.204681955277919769e-02
-3.865099847316741943e-01
-8.788354396820068359e-01
-2.176221609115600586e-01
-4.260583519935607910e-01
-3.184705674648284912e-01
-1.733583807945251465e-01
-8.064981698989868164e-01
-1.412744820117950439e-01
8.711636066436767578e-02
7.761010900139808655e-03
-5.537213087081909180e-01
1.459419075399637222e-02
-2.621129453182220459e-01
1.356498450040817261e-01
-1.349142845720052719e-02
-4.313724488019943237e-02
-4.971131384372711182e-01
1.272377520799636841e-01
-8.530136942863464355e-01
-5.876040086150169373e-04
-4.453840553760528564e-01
-6.344974040985107422e-01
-5.179313421249389648e-01
-2.718453884124755859e+00
-4.725693166255950928e-01
-3.978311717510223389e-01
-2.303187847137451172e-01
-1.942962855100631714e-01
-4.742187559604644775e-01
-1.974490135908126831e-01
-2.453889101743698120e-01
7.031849026679992676e-02
-4.972763955593109131e-01
-1.498395763337612152e-02
3.750457465648651123e-01
2.606815099716186523e-01
-2.427943348884582520e-01
2.944531738758087158e-01
-2.470016777515411377e-01
-4.760168492794036865e-01
-1.395970731973648071e-01
6.005607545375823975e-03
-5.600500106811523438e-01
-9.601704478263854980e-01
-2.950697243213653564e-01
-7.378997653722763062e-02
-2.846707403659820557e-02
-5.059602856636047363e-01
-4.313474595546722412e-01
-6.580719351768493652e-01
-3.918559551239013672e-01
-9.138773381710052490e-02
-2.154577225446701050e-01
-6.375455260276794434e-01
-4.629851505160331726e-02
-1.294852048158645630e-01
-1.226192593574523926e+00
-4.610717594623565674e-01
2.985983528196811676e-02
4.065095633268356323e-02
-3.717801272869110107e-01
-2.221526652574539185e-01
5.186941474676132202e-03
-1.343639940023422241e-01
-7.247103452682495117e-01
-3.865615129470825195e-01
-1.725147813558578491e-01
-1.384513825178146362e-01
-2.795896828174591064e-01
-2.248377352952957153e-01
-2.636931240558624268e-01
-1.116152293980121613e-02
-7.322879433631896973e-01
-4.983009397983551025e-01
-2.708473205566406250e-01
8.854617178440093994e-02
-1.328241348266601562e+00
-1.933954358100891113e-01
-6.084799170494079590e-01
-9.096357226371765137e-01
-3.542817234992980957e-01
3.938097134232521057e-02
4.539678692817687988e-01
-3.225769400596618652e-01
-2.615604400634765625e+00
-4.522725045680999756e-01
1.779579520225524902e-01
4.997868835926055908e-02
-5.562407523393630981e-02
-3.865939006209373474e-02
2.231931835412979126e-01
8.786463737487792969e-02
-3.921373188495635986e-02
1.175511479377746582e-01
-1.066723465919494629e-01
-1.218612566590309143e-01
-1.627156585454940796e-01
2.064033299684524536e-01
5.189225077629089355e-01
3.795225024223327637e-01
-1.030011028051376343e-01
-2.638995945453643799e-01
5.054321885108947754e-01
-2.367055043578147888e-02
-1.036613464355468750e+00
1.414790898561477661e-01
8.003152906894683838e-02
1.002248302102088928e-01
1.743358075618743896e-01
-1.571508049964904785e-01
3.303390368819236755e-02
7.571359276771545410e-01
-1.114738807082176208e-01
-3.588782548904418945e-01
1.977004408836364746e-01
9.478833526372909546e-02
3.377189338207244873e-01
-8.553062379360198975e-02
-3.644256293773651123e-01
-1.338131539523601532e-02
1.682139933109283447e-02
4.906673133373260498e-01
2.120112776756286621e-01
-1.878726035356521606e-01
-2.299457788467407227e-01
3.373087346553802490e-01
-2.834597527980804443e-01
6.343778222799301147e-02
-1.642975583672523499e-02
7.680146396160125732e-02
6.343023478984832764e-02
-1.574950516223907471e-01
8.801655471324920654e-02
3.466380238533020020e-01
-2.255669087171554565e-01
9.016422927379608154e-02
2.787959277629852295e-01
-2.296140193939208984e-01
-4.910349547863006592e-01
-3.463406562805175781e-01
-1.228533759713172913e-01
-8.285570144653320312e-01
6.626076996326446533e-02
-1.553612828254699707e+00
1.924577914178371429e-02
-4.739891290664672852e-01
1.844643354415893555e-01
3.656531870365142822e-01
-2.248967438936233521e-01
-1.026054099202156067e-01
-6.910346448421478271e-02
-3.910136520862579346e-01
4.934384226799011230e-01
-4.444330334663391113e-01
-1.491986811161041260e-01
-1.104117557406425476e-01
2.489014267921447754e-01
-2.705820798873901367e-01
-8.283875137567520142e-02
4.678409546613693237e-02
-1.250650525093078613e+00
7.690148800611495972e-02
-4.890097677707672119e-02
2.381348907947540283e-01
-1.092379570007324219e+00
1.675754599273204803e-02
-3.211153030395507812e+00
3.528554141521453857e-01
-4.126585423946380615e-01
-3.957196474075317383e-01
6.416334956884384155e-02
8.242055773735046387e-02
1.746470183134078979e-01
-3.934098780155181885e-01
-8.433348685503005981e-02
-3.320322632789611816e-01
-2.323424369096755981e-01
-3.207929432392120361e-02
1.257305294275283813e-01
4.624367952346801758e-01
-2.476110458374023438e-01
4.125758633017539978e-02
-4.702288806438446045e-01
-9.395625591278076172e-01
1.148304790258407593e-01
2.211332470178604126e-01
-3.012222610414028168e-02
1.895945519208908081e-02
1.537789702415466309e-01
-5.159661173820495605e-01
-9.796237945556640625e-01
-1.001834392547607422e+00
2.453728318214416504e-01
-2.502919197082519531e+00
6.020829677581787109e-01
2.152493149042129517e-01
-6.462862249463796616e-03
3.346258401870727539e-01
1.488048136234283447e-01
6.920784711837768555e-02
-1.077870428562164307e-01
8.905830234289169312e-02
-6.721931099891662598e-01
1.010825410485267639e-01
-3.021027147769927979e-01
1.359903216361999512e-01
1.433800458908081055e-01
-2.868184447288513184e-01
3.835265636444091797e-01
1.633973605930805206e-02
-4.915327578783035278e-02
-1.388531923294067383e-01
2.763844132423400879e-01
-3.033701777458190918e-01
3.061612248420715332e-01
2.471144199371337891e-01
3.662047684192657471e-01
1.408425867557525635e-01
7.615353912115097046e-02
2.702367901802062988e-01
2.467729300260543823e-01
4.343869909644126892e-02
2.977518141269683838e-01
-3.467015326023101807e-01
-1.682188808917999268e-01
-3.136806488037109375e-01
-9.874615073204040527e-02
3.026133775711059570e-01
2.106514871120452881e-01
9.665881097316741943e-02
1.264356970787048340e-01
3.567961454391479492e-01
-4.350301921367645264e-01
3.699275553226470947e-01
5.956250801682472229e-02
5.502035617828369141e-01
2.452695667743682861e-01
2.504382729530334473e-01
3.073172569274902344e-01
-2.165059186518192291e-02
7.976787686347961426e-01
5.728419125080108643e-02
1.279370188713073730e-01
-3.860121360048651695e-03
2.231933474540710449e-01
1.945840716361999512e-01
2.752470374107360840e-01
-5.151667818427085876e-02
7.624972611665725708e-02
3.850775584578514099e-02
-5.460057035088539124e-02
5.760889649391174316e-01
4.372399449348449707e-01
2.591932117938995361e-01
4.152474105358123779e-01
8.499307185411453247e-02
1.128062084317207336e-01
5.096451193094253540e-02
-4.294950962066650391e-01
4.162095785140991211e-01
1.007829979062080383e-01
2.058242559432983398e-01
4.069516360759735107e-01
8.849741518497467041e-02
1.378408521413803101e-01
3.370761573314666748e-01
-6.522513180971145630e-02
2.400341033935546875e-01
1.941696107387542725e-01
5.581366419792175293e-01
9.021211415529251099e-02
-1.808807253837585449e-01
7.732633501291275024e-02
-1.626110076904296875e-01
-2.401215583086013794e-02
-1.237031370401382446e-01
-3.105888664722442627e-01
-5.926923751831054688e-01
-6.365734934806823730e-01
-2.692397832870483398e-01
2.494265697896480560e-02
-3.284985721111297607e-01
1.659377664327621460e-01
1.000775992870330811e-01
-9.695746004581451416e-02
-2.909583151340484619e-01
5.789858475327491760e-02
2.700094878673553467e-02
2.976660616695880890e-02
8.343640714883804321e-02
-1.777063906192779541e-01
2.598904073238372803e-01
2.534977495670318604e-01
2.623355984687805176e-01
1.648990809917449951e-01
9.751118719577789307e-02
-2.551722824573516846e-01
3.006944060325622559e-01
-1.548282951116561890e-01
-2.838749289512634277e-01
1.542770564556121826e-01
3.182603120803833008e-01
5.365911126136779785e-01
1.193017140030860901e-01
-1.604692578315734863e+00
6.952683627605438232e-02
-6.265300512313842773e-01
2.162608057260513306e-01
4.481246471405029297e-01
2.593160867691040039e-01
-2.241738557815551758e+00
-7.482665777206420898e-01
-7.214930653572082520e-01
-4.410619735717773438e-01
8.925734460353851318e-02
5.019243806600570679e-02
-4.412655252963304520e-03
6.994653344154357910e-01
1.532233692705631256e-02
-1.491538882255554199e-01
3.476091325283050537e-01
4.840064942836761475e-01
-4.704456329345703125e-01
1.803307607769966125e-02
-1.798999458551406860e-01
-8.701701760292053223e-01
-1.036282330751419067e-01
1.939377337694168091e-01
7.409085631370544434e-01
-2.743718773126602173e-02
3.866358995437622070e-01
-2.515138387680053711e-01
1.324462518095970154e-02
-3.683176636695861816e-01
2.123729139566421509e-01
1.273786276578903198e-01
-4.345548152923583984e-01
-5.482854247093200684e-01
-1.314759850502014160e+00
6.681975722312927246e-02
9.088624268770217896e-02
-2.183082550764083862e-01
-3.456346392631530762e-01
5.036026239395141602e-01
1.269593536853790283e-01
-3.139422237873077393e-01
2.788620591163635254e-01
1.897218227386474609e-01
-3.594650983810424805e+00
-3.516523167490959167e-02
-5.002938956022262573e-02
4.733154177665710449e-01
2.264489531517028809e-01
6.847928762435913086e-01
6.482156515121459961e-01
-1.309970319271087646e-01
-2.208399921655654907e-01
-6.426882743835449219e-01
-2.940690219402313232e-01
-5.975901484489440918e-01
2.758494392037391663e-02
-3.322409629821777344e+00
-4.403483495116233826e-02
9.752365946769714355e-02
-7.541490197181701660e-01
1.930110156536102295e-01
-2.432005703449249268e-01
3.671432733535766602e-01
2.338317632675170898e-01
6.710484027862548828e-01
-4.374354183673858643e-01
-6.146599724888801575e-02
3.230544328689575195e-01
4.954538643360137939e-01
-6.940242052078247070e-01
-1.583192497491836548e-01
-3.667778968811035156e-01
3.624141812324523926e-01
-1.182118151336908340e-02
-2.360206395387649536e-01
-1.160488843917846680e+00
3.574262559413909912e-01
-1.579138398170471191e+00
3.892663419246673584e-01
3.934893384575843811e-02
-9.799040108919143677e-02
-1.294935584068298340e+00
1.049796193838119507e-01
2.028621286153793335e-01
6.784682869911193848e-01
-1.560605764389038086e+00
-2.101802676916122437e-01
2.071416974067687988e-01
-7.431334853172302246e-01
-7.197186946868896484e-01
3.986645489931106567e-02
-1.139278486371040344e-01
-1.913039237260818481e-01
9.067164063453674316e-01
7.512171864509582520e-01
1.391886025667190552e-01
-3.805563747882843018e-01
-2.619802951812744141e-01
-4.282999336719512939e-01
-1.242674946784973145e+00
-3.441213071346282959e-01
-7.541585713624954224e-02
-1.234471499919891357e-01
7.391099631786346436e-02
-9.550417214632034302e-02
8.856768719851970673e-03
-3.161464631557464600e-01
-1.070468723773956299e-01
-2.404327541589736938e-01
-9.186909347772598267e-02
-2.522361040115356445e+00
-1.240638494491577148e-01
-1.330550670623779297e+00
-7.550022006034851074e-02
-5.374603867530822754e-01
2.362834513187408447e-01
2.309357225894927979e-01
-5.262316018342971802e-02
-9.917968511581420898e-02
-2.512966096401214600e-01
-1.005504012107849121e+00
-2.842713594436645508e-01
4.004311282187700272e-03
6.067226082086563110e-02
-1.543634086847305298e-01
2.571632713079452515e-02
-5.053340792655944824e-01
1.656021773815155029e-01
-1.565661668777465820e+00
4.467243701219558716e-02
2.086807340383529663e-01
-4.123132675886154175e-02
2.917166352272033691e-01
2.340804487466812134e-01
1.250931918621063232e-01
-1.564468264579772949e+00
-1.258656859397888184e+00
-2.089203707873821259e-02
-1.175939571112394333e-02
1.523153781890869141e-01
-2.486306428909301758e-02
3.642437160015106201e-01
4.638452548533678055e-03
-3.196544945240020752e-02
1.376927550882101059e-02
-7.040163129568099976e-02
1.296467483043670654e-01
1.325760036706924438e-01
-3.101105690002441406e-01
1.517786830663681030e-01
-2.132777571678161621e-01
4.220600426197052002e-02
-7.886707782745361328e-03
-1.398202478885650635e-01
-1.209217786788940430e+00
1.401634365320205688e-01
1.923203319311141968e-01
2.915814816951751709e-01
-1.538733839988708496e+00
-1.113955825567245483e-01
5.002052783966064453e-01
-7.954463362693786621e-01
6.724292784929275513e-02
1.410210132598876953e-01
-3.301335871219635010e-02
1.033711284399032593e-01
-3.217087090015411377e-01
-5.529701709747314453e-01
1.445034593343734741e-01
5.162530764937400818e-02
-4.340475052595138550e-02
2.730043232440948486e-01
-2.312775254249572754e-01
2.511255443096160889e-01
1.022327616810798645e-01
-3.968202769756317139e-01
-1.448061764240264893e-01
7.834110409021377563e-02
-1.641108512878417969e+00
-4.578700661659240723e-01
4.362709224224090576e-01
1.717513054609298706e-01
-1.114375516772270203e-01
1.943305134773254395e-02
-1.276948690414428711e+00
7.892908900976181030e-02
1.434718668460845947e-01
4.750188440084457397e-02
1.188197452574968338e-02
-2.022764831781387329e-01
3.646350800991058350e-01
-3.284314870834350586e-01
1.317516621202230453e-02
2.249450981616973877e-01
1.905072033405303955e-01
-8.192101866006851196e-02
1.297972202301025391e-01
-1.908418685197830200e-01
-3.551800251007080078e-01
-1.286803185939788818e-01
-2.697107568383216858e-02
5.109155550599098206e-02
1.787316799163818359e-01
-1.458049416542053223e-01
-4.156894609332084656e-02
-2.908812761306762695e-01
-1.286534070968627930e-01
-1.717811226844787598e-01
-7.448083162307739258e-01
3.246104121208190918e-01
-1.133183836936950684e-01
-4.047403633594512939e-01
1.252090744674205780e-02
-7.314475774765014648e-01
-1.150621056556701660e+00
-4.799756035208702087e-02
-4.225310385227203369e-01
-7.189099192619323730e-01
5.736959353089332581e-02
5.165575146675109863e-01
1.556505709886550903e-01
-2.072533518075942993e-01
2.036371678113937378e-01
-1.416238099336624146e-01
2.273281961679458618e-01
2.033651471138000488e-01
-7.415913939476013184e-01
-3.677585721015930176e-01
-1.202661871910095215e+00
4.442555084824562073e-02
-3.750447928905487061e-01
-2.979189716279506683e-02
-2.503199279308319092e-01
-4.137821495532989502e-02
-2.850225567817687988e-01
1.424030810594558716e-01
-2.367167025804519653e-01
1.637597233057022095e-01
-1.150642395019531250e+00
1.705799549818038940e-01
-5.189264416694641113e-01
-2.354024723172187805e-02
-2.029747217893600464e-01
1.106320172548294067e-01
-5.099108070135116577e-02
-5.426261425018310547e-01
-8.002465367317199707e-01
-1.891215562820434570e+00
-1.977858692407608032e-02
3.658420443534851074e-01
8.568646758794784546e-02
3.131928145885467529e-01
-2.553792297840118408e-01
1.359101086854934692e-01
1.580445468425750732e-01
8.378183096647262573e-02
-5.126633048057556152e-01
7.934737019240856171e-03
5.420152097940444946e-02
1.825138479471206665e-01
4.035952687263488770e-02
-2.204738557338714600e-01
-1.792741894721984863e+00
-1.718464195728302002e-01
-6.879823207855224609e-01
-1.198911443352699280e-01
-2.193183451890945435e-01
-3.188029304146766663e-02
-4.946763217449188232e-01
2.209311537444591522e-02
4.813988506793975830e-02
4.922899901866912842e-01
2.705988585948944092e-01
1.468656808137893677e-01
3.398831933736801147e-02
-5.882694199681282043e-02
-5.140756368637084961e-01
-3.347503766417503357e-02
5.430161952972412109e-01
-3.081268370151519775e-01
-6.323761940002441406e-01
1.374083608388900757e-01
-3.965651392936706543e-01
-2.051360607147216797e-01
1.175825744867324829e-01
6.015236303210258484e-02
2.082824409008026123e-01
3.183199763298034668e-01
-2.769501209259033203e-01
2.239528745412826538e-01
-2.123377561569213867e+00
-2.107168734073638916e-01
1.166046038269996643e-01
-9.070845842361450195e-01
-4.173601269721984863e-01
2.193093448877334595e-01
-1.269023567438125610e-01
-2.046117633581161499e-01
-2.517482757568359375e+00
-1.543829292058944702e-01
1.863783225417137146e-03
-1.254671514034271240e-01
-6.607372164726257324e-01
1.458922922611236572e-01
-4.964162409305572510e-01
-7.500169277191162109e-01
-1.294784098863601685e-01
1.264958828687667847e-01
-3.675911128520965576e-01
7.368340343236923218e-02
-4.187380522489547729e-02
-4.234139323234558105e-01
-3.861004710197448730e-01
-6.529600620269775391e-01
-2.900042235851287842e-01
-1.302823126316070557e-01
-4.660523235797882080e-01
-1.340188026428222656e+00
-2.271714657545089722e-01
-6.149867773056030273e-01
-2.730335593223571777e-01
-1.585147261619567871e+00
-2.243637740612030029e-01
6.061125919222831726e-02
-3.065879344940185547e-01
-7.428396344184875488e-01
-4.733629822731018066e-01
3.043362498283386230e-01
-2.259407043457031250e-01
-1.259959191083908081e-01
-3.327431902289390564e-02
-1.348225027322769165e-01
-6.634243577718734741e-02
-7.910730838775634766e-01
-1.204241439700126648e-01
-1.393121957778930664e+00
-3.425187766551971436e-01
6.955582648515701294e-02
-1.620112061500549316e-01
4.971777647733688354e-02
-3.410542607307434082e-01
-4.748391211032867432e-01
-2.303873777389526367e+00
-1.033911347389221191e+00
-1.070469141006469727e+00
6.694955378770828247e-02
-1.094488859176635742e+00
-2.072851896286010742e+00
-1.659432351589202881e-01
-4.655540287494659424e-01
-3.532516658306121826e-01
-1.564659029245376587e-01
-2.864257097244262695e-01
-2.248066663742065430e-01
5.755993723869323730e-01
5.300861597061157227e-01
5.974377989768981934e-01
-2.523211836814880371e-01
3.198145031929016113e-01
-2.979902923107147217e-02
-3.218753263354301453e-02
-2.875505208969116211e+00
1.166454106569290161e-01
-5.754350498318672180e-02
-2.018768310546875000e+00
1.174431890249252319e-01
-1.945403933525085449e+00
-8.669368624687194824e-01
-4.239526987075805664e-01
-1.481468230485916138e-01
-2.640072345733642578e+00
3.671093657612800598e-02
-1.698057949542999268e-01
-4.236886650323867798e-02
-7.431428432464599609e-01
-2.169774770736694336e+00
-7.490775585174560547e-01
3.114710003137588501e-02
1.298660188913345337e-01
-1.160374060273170471e-01
-1.856318831443786621e+00
-1.506287157535552979e-01
-2.066384315490722656e+00
-1.047253757715225220e-01
3.936586901545524597e-02
-1.579044461250305176e-01
-8.597281575202941895e-02
-9.251689165830612183e-02
-4.211819171905517578e-02
2.300402708351612091e-02
-2.924085259437561035e-01
-8.916198462247848511e-02
-7.193744182586669922e-01
-7.682802528142929077e-02
-4.150771796703338623e-01
-4.638578742742538452e-02
-2.333526134490966797e+00
-4.738602414727210999e-02
-4.351385310292243958e-02
-5.277692154049873352e-02
-6.594687700271606445e-02
-6.189996749162673950e-02
-6.413898617029190063e-02
-1.220692321658134460e-01
1.004779040813446045e-01
-8.990254136733710766e-04
2.730910293757915497e-02
-2.797884941101074219e-01
-1.647064208984375000e+00
3.283031284809112549e-01
-1.581401824951171875e+00
-9.392712265253067017e-02
-1.405523270368576050e-01
-7.106299400329589844e-01
-1.191539645195007324e+00
3.601507470011711121e-02
-8.326496183872222900e-02
-1.259685456752777100e-01
-6.284963339567184448e-02
-8.517052233219146729e-02
2.730632200837135315e-02
1.643162816762924194e-01
1.594636291265487671e-01
7.915500551462173462e-02
9.298705309629440308e-02
-1.466839015483856201e-01
-1.243971213698387146e-01
-3.205569088459014893e-02
-6.883122920989990234e-01
-7.575948238372802734e-01
-2.964100241661071777e-01
-6.538651883602142334e-02
-2.649031281471252441e-01
-4.484933018684387207e-01
-3.699476718902587891e-01
-1.824525594711303711e-01
-1.940016895532608032e-01
-5.044823169708251953e+00
-2.320300191640853882e-01
-5.205042194575071335e-03
-3.095912933349609375e-01
-1.536713838577270508e-01
-6.783860176801681519e-02
-4.522919952869415283e-01
-2.214104533195495605e-01
-8.766300678253173828e-01
-1.932643055915832520e-01
-4.972002208232879639e-01
-2.536955475807189941e-01
3.862050920724868774e-02
-1.719941049814224243e-01
-5.435281991958618164e-01
1.108698546886444092e-02
5.634985864162445068e-02
-6.304488778114318848e-01
6.493883579969406128e-02
-3.704639673233032227e+00
1.452525258064270020e-01
2.708097547292709351e-02
-1.054965406656265259e-01
-9.957941770553588867e-01
-1.444606930017471313e-01
-1.883898861706256866e-02
-2.710921466350555420e-01
3.255481272935867310e-02
-6.856461614370346069e-02
-2.974959909915924072e-01
-3.405362740159034729e-02
-2.842269420623779297e+00
-1.399432867765426636e-01
-3.490346074104309082e-01
-3.211902678012847900e-01
1.290146820247173309e-02
-5.616248846054077148e-01
-3.856515169143676758e+00
-4.613449871540069580e-01
-2.685625553131103516e-01
-1.144456118345260620e-01
-4.872519671916961670e-01
2.095563262701034546e-01
-2.588259279727935791e-01
-6.378560066223144531e-01
5.735844373703002930e-01
4.389879703521728516e-01
4.052394330501556396e-01
-3.768333196640014648e-01
5.184767246246337891e-01
-2.840610779821872711e-02
-5.180444121360778809e-01
-4.362615197896957397e-02
-6.144206225872039795e-02
-4.716988205909729004e-01
-1.512690782546997070e+00
1.880734786391258240e-02
5.603246763348579407e-02
-4.401048123836517334e-01
2.732494659721851349e-02
-2.176743559539318085e-02
-5.884699150919914246e-02
3.653001189231872559e-01
-4.067454934120178223e-01
-2.001106500625610352e+00
7.840566337108612061e-02
-3.019869141280651093e-02
-5.745172500610351562e+00
-3.698419034481048584e-02
7.147356122732162476e-02
7.871640920639038086e-01
1.064771562814712524e-01
3.650209903717041016e-01
1.030984669923782349e-01
-1.932909637689590454e-01
1.338350027799606323e-01
-2.533650398254394531e-02
3.098816871643066406e-01
-3.159790635108947754e-01
1.187870949506759644e-01
-4.031551778316497803e-01
-4.231796264648437500e-01
-7.778286933898925781e-02
-1.591556668281555176e-01
-2.308347225189208984e-01
4.370507001876831055e-01
-8.701594918966293335e-02
1.305371373891830444e-01
-7.955685257911682129e-01
5.929663032293319702e-02
1.396576315164566040e-01
-5.099267363548278809e-01
3.654913902282714844e-01
-1.989542245864868164e-01
2.598053216934204102e-01
7.933185249567031860e-02
-2.253220230340957642e-01
-1.641454994678497314e-01
2.647814452648162842e-01
6.150966510176658630e-02
7.262176871299743652e-01
2.009874582290649414e-01
-1.956956386566162109e-01
-3.039511144161224365e-01
2.469229139387607574e-02
1.428462117910385132e-01
1.430105045437812805e-02
-1.141844317317008972e-01
3.227767720818519592e-02
7.910569757223129272e-02
1.503633055835962296e-02
3.892935514450073242e-01
-2.582584857940673828e+00
2.070301175117492676e-01
1.399028748273849487e-01
2.642859220504760742e-01
-2.537694275379180908e-01
1.884223669767379761e-01
-9.039215743541717529e-02
1.315180957317352295e-01
2.306710630655288696e-01
-6.578527390956878662e-02
7.501956224441528320e-01
-2.533938288688659668e-01
-4.782141149044036865e-01
-9.224249422550201416e-02
2.680926918983459473e-01
6.792654842138290405e-02
3.831720054149627686e-01
-2.634532749652862549e-01
-4.335178434848785400e-01
-1.085856407880783081e-01
-9.361326694488525391e-01
-1.228976547718048096e-01
3.052488667890429497e-03
1.986006796360015869e-01
-1.040058881044387817e-01
-3.118012845516204834e-01
-9.413480013608932495e-02
2.684849314391613007e-02
-1.565054893493652344e+00
-2.889107763767242432e-01
3.575934171676635742e-01
3.207935690879821777e-01
-4.262214303016662598e-01
-6.656175255775451660e-01
-5.586355924606323242e-01
-5.829470157623291016e-01
-4.994052946567535400e-01
-2.597718238830566406e-01
-1.282184571027755737e-01
4.026976600289344788e-02
2.597542107105255127e-01
-8.054155856370925903e-02
2.060901373624801636e-01
1.453764587640762329e-01
-4.728076159954071045e-01
3.354544639587402344e-01
-1.424077711999416351e-02
7.125913351774215698e-02
1.063283532857894897e-01
-9.184375405311584473e-02
-5.862003937363624573e-02
-1.060000360012054443e-01
2.981646060943603516e-01
-3.725941777229309082e-01
-3.201859891414642334e-01
-5.778111219406127930e-01
-2.159837484359741211e-01
-2.530303001403808594e-01
1.905449181795120239e-01
-3.790871202945709229e-01
-3.893061578273773193e-01
-4.945945441722869873e-01
-2.525924444198608398e-01
4.212221875786781311e-02
2.548604905605316162e-01
-1.459272485226392746e-02
-1.190563589334487915e-01
-1.419554799795150757e-01
-1.077509075403213501e-01
2.865377366542816162e-01
-3.885481953620910645e-01
2.387924194335937500e-01
-7.682616710662841797e-01
-3.126949071884155273e-01
-4.842406809329986572e-01
-1.980516016483306885e-01
-9.557709842920303345e-02
-2.003087043762207031e+00
-8.253969550132751465e-01
-1.663349986076354980e+00
-5.213311314582824707e-01
3.069010376930236816e-01
-1.011692732572555542e-01
-2.917666912078857422e+00
6.016689911484718323e-02
2.076900899410247803e-01
-1.019578337669372559e+00
1.506899893283843994e-01
-1.063374519348144531e+00
-3.668737113475799561e-01
2.793899774551391602e-01
-3.637590110301971436e-01
1.299517154693603516e-01
-1.741318404674530029e-01
-2.361473739147186279e-01
-9.862754344940185547e-01
-8.601913601160049438e-02
1.907456517219543457e-01
1.061159372329711914e-01
-2.258241176605224609e-01
-3.745148479938507080e-01
-6.799640655517578125e-01
1.906742900609970093e-01
-3.801405131816864014e-01
-7.147743552923202515e-02
1.799351871013641357e-01
-1.289631485939025879e+00
-1.100705265998840332e+00
-3.606849908828735352e-01
-8.209393173456192017e-02
1.385343372821807861e-01
7.621785998344421387e-02
1.963513791561126709e-01
-1.662891387939453125e+00
-7.499531507492065430e-01
5.872493982315063477e-01
1.584490835666656494e-01
-2.076231092214584351e-01
-1.410575032234191895e+00
-2.510266005992889404e-01
-4.639877676963806152e-01
-2.270812094211578369e-01
-2.106514722108840942e-01
2.288597971200942993e-01
-1.119539812207221985e-01
-1.047325506806373596e-01
-1.919921189546585083e-01
-2.945401370525360107e-01
-1.156879365444183350e-01
-7.165694236755371094e-01
-2.628190815448760986e-01
-6.236215680837631226e-02
1.400272250175476074e-01
-5.665632709860801697e-02
1.849781256169080734e-03
-6.174998879432678223e-01
9.926120983436703682e-04
-2.550479397177696228e-02
-2.455463409423828125e-01
1.804974824190139771e-01
3.763013482093811035e-01
3.476973474025726318e-01
-2.168031781911849976e-01
7.891540299169719219e-04
-5.621669292449951172e-01
-3.742931783199310303e-01
1.086477860808372498e-01
-5.634824186563491821e-02
1.181253492832183838e-01
-1.983746141195297241e-01
-4.862231910228729248e-01
5.606162920594215393e-02
-1.888986527919769287e-01
-1.669742912054061890e-01
-2.538366019725799561e-01
-1.650575399398803711e-01
1.415068805217742920e-01
1.658621579408645630e-01
2.764930762350559235e-02
-8.662874102592468262e-01
5.315017104148864746e-01
4.538820683956146240e-01
-1.423193048685789108e-02
-6.359403580427169800e-02
-6.492664813995361328e-01
1.936296522617340088e-01
2.107499688863754272e-01
-3.338899016380310059e-01
-3.984965011477470398e-02
1.112659797072410583e-01
-4.178990423679351807e-01
-4.597472548484802246e-01
-2.947372496128082275e-01
9.895822964608669281e-03
-6.353997588157653809e-01
1.041750311851501465e-01
-1.679362356662750244e-01
1.788944005966186523e-01
-1.562242388725280762e+00
-2.964371442794799805e-01
-5.548747181892395020e-01
-3.038765788078308105e-01
8.052216842770576477e-03
-2.212506383657455444e-01
1.873178929090499878e-01
-9.060727059841156006e-02
-6.635347753763198853e-02
-3.132440149784088135e-01
1.888240277767181396e-01
-1.529474496841430664e+00
-3.174061536788940430e+00
1.365740299224853516e-01
-1.892161071300506592e-01
7.066025137901306152e-01
-8.892562985420227051e-01
-2.706117928028106689e-01
-1.321018040180206299e-01
-3.767802715301513672e-01
-7.411291599273681641e-01
-1.272339075803756714e-01
4.234688356518745422e-03
-3.368687033653259277e-01
-4.799615442752838135e-01
2.176482975482940674e-01
9.355574101209640503e-02
-2.596897482872009277e-01
1.918322294950485229e-01
-1.075812205672264099e-01
4.207687973976135254e-01
-1.671635389328002930e+00
-1.674673408269882202e-01
9.916073083877563477e-02
-3.161453604698181152e-01
-1.448557078838348389e-01
2.502227202057838440e-02
1.222496107220649719e-01
-2.133142799139022827e-01
-1.192425116896629333e-01
-5.758280307054519653e-02
-5.481219291687011719e-01
5.745580196380615234e-01
1.705433726310729980e-01
-7.438623905181884766e-02
2.250842601060867310e-01
4.563567042350769043e-02
3.426294624805450439e-01
-3.654192090034484863e-01
1.001916453242301941e-01
-4.971870779991149902e-02
1.461890339851379395e-01
-1.869417726993560791e-03
3.605570793151855469e-01
-4.162315130233764648e-01
-1.335366722196340561e-02
-2.596455216407775879e-01
-5.276864171028137207e-01
-8.783983588218688965e-01
-1.749041527509689331e-01
1.812441041693091393e-03
-1.120694130659103394e-01
-1.058806180953979492e-01
-2.785260677337646484e-01
3.746055662631988525e-01
2.506987750530242920e-01
2.265663743019104004e-01
8.552370965480804443e-02
-5.821745395660400391e-01
-5.447454452514648438e-01
-2.008628100156784058e-01
-6.413289308547973633e-01
7.401091605424880981e-02
1.761662214994430542e-01
-8.025318384170532227e-01
-2.522594630718231201e-01
-3.497989103198051453e-02
-3.358207643032073975e-02
-2.190653979778289795e-01
2.363606393337249756e-01
-8.485636860132217407e-02
1.283367127180099487e-01
-5.475477129220962524e-02
3.869437873363494873e-01
2.695855200290679932e-01
-1.847939342260360718e-01
1.382826119661331177e-01
-1.741407960653305054e-01
-1.618570685386657715e-01
-4.861980676651000977e-02
-9.223475307226181030e-02
-2.536418437957763672e-01
-6.287584900856018066e-01
1.698679476976394653e-01
5.122160315513610840e-01
-1.079302951693534851e-01
-3.365727514028549194e-02
2.937797904014587402e-01
-3.631607294082641602e-01
-1.118748188018798828e-01
2.833450436592102051e-01
-1.655405759811401367e-01
-5.670278072357177734e-01
-4.447820410132408142e-02
3.213205933570861816e-02
-1.921227574348449707e-01
-1.019056513905525208e-01
-1.437706649303436279e-01
3.584254980087280273e-01
5.708823725581169128e-02
2.231856733560562134e-01
-5.000079423189163208e-02
1.394716650247573853e-01
-2.154252380132675171e-01
-9.403222054243087769e-02
6.317657977342605591e-02
-1.239290833473205566e-01
3.267720937728881836e-01
1.298472434282302856e-01
1.803044080734252930e-01
-5.694051384925842285e-01
-8.084479570388793945e-01
-3.623395264148712158e-01
-7.004003506153821945e-03
4.989391565322875977e-02
-1.855042576789855957e-01
-2.866508364677429199e-01
-8.457692861557006836e-01
-4.358357489109039307e-01
-1.769900023937225342e-01
-2.844805717468261719e-01
-1.397444158792495728e-01
6.501548886299133301e-01
-1.682339906692504883e-01
-8.376865833997726440e-02
-1.004046499729156494e-01
5.916402935981750488e-01
-2.547244429588317871e-01
5.017175078392028809e-01
-7.626871019601821899e-02
-1.227597221732139587e-01
2.844551503658294678e-01
-2.834765017032623291e-01
-3.040842115879058838e-01
2.870448529720306396e-01
1.401477959007024765e-03
2.122075855731964111e-01
-2.065713405609130859e-01
6.424776464700698853e-02
4.610056579113006592e-01
5.151676535606384277e-01
-3.225763440132141113e-01
1.377778202295303345e-01
1.317350715398788452e-01
-2.638098001480102539e-01
-5.830657482147216797e-01
4.317792356014251709e-01
-3.994381427764892578e-02
5.290652625262737274e-03
7.148104161024093628e-02
-3.200047910213470459e-01
1.089098751544952393e-01
3.433663547039031982e-01
-1.024707779288291931e-01
-3.006899952888488770e-01
-2.336259484291076660e-01
2.855678796768188477e-01
1.501196920871734619e-01
1.559061408042907715e-01
2.052857279777526855e-01
-3.431307375431060791e-01
-9.742474555969238281e-02
4.676637351512908936e-01
-1.554988771677017212e-01
8.530588448047637939e-02
-1.448018550872802734e-01
3.598635792732238770e-01
-1.687496751546859741e-01
-2.877281904220581055e-01
1.115993186831474304e-01
2.299675941467285156e-01
3.627510666847229004e-01
2.120833843946456909e-02
1.462554633617401123e-01
-1.310893893241882324e-01
-5.482898559421300888e-03
-1.022034883499145508e+00
-9.739700704813003540e-02
5.439645648002624512e-01
-2.334427684545516968e-01
-6.701259613037109375e-01
-2.001574039459228516e+00
-1.117375940084457397e-01
1.908673495054244995e-01
1.222015097737312317e-01
-6.814887374639511108e-02
-3.720845580101013184e-01
-1.376957297325134277e-01
1.510673314332962036e-01
1.534934714436531067e-02
-4.379231333732604980e-01
-2.975239753723144531e-01
2.724890112876892090e-01
2.122426480054855347e-01
5.565454065799713135e-02
-3.718052208423614502e-01
-1.515352576971054077e-01
-1.459173411130905151e-01
9.137543290853500366e-02
-1.902977749705314636e-02
-1.170269399881362915e-01
-5.566942691802978516e-01
-6.004164814949035645e-01
1.313043665140867233e-02
-9.606307744979858398e-01
2.401498109102249146e-01
-1.416943371295928955e-01
-2.990886569023132324e-02
5.000715330243110657e-02
-9.460473656654357910e-01
-5.075350403785705566e-02
-4.074450135231018066e-01
1.874796003103256226e-01
-4.255753159523010254e-01
2.760360836982727051e-01
-5.285679697990417480e-01
-9.030222147703170776e-02
-5.803831666707992554e-02
-2.665664553642272949e-01
-7.050669193267822266e-02
7.220149040222167969e-01
-9.252568334341049194e-02
-6.767965108156204224e-02
-9.420134872198104858e-02
-4.959192872047424316e-02
1.747896708548069000e-02
-5.259921401739120483e-02
-4.076140522956848145e-01
-6.277153640985488892e-02
-4.466023668646812439e-02
-4.338048100471496582e-01
-4.097421765327453613e-01
1.872858405113220215e-02
-2.343087345361709595e-01
1.873403973877429962e-02
1.666363775730133057e-01
3.713850080966949463e-01
-4.307805299758911133e-01
2.151136547327041626e-01
-1.929669454693794250e-02
1.419452279806137085e-01
-1.956579685211181641e-01
-8.659321814775466919e-02
-1.518108099699020386e-01
1.977674365043640137e-01
1.024950668215751648e-01
3.339776992797851562e-01
-3.736680150032043457e-01
-1.807843334972858429e-02
-9.251463413238525391e-02
-2.661463916301727295e-01
-7.273403406143188477e-01
2.665239386260509491e-02
2.122688852250576019e-02
