-2.944942377507686615e-02
4.949273169040679932e-01
3.664980530738830566e-01
4.318292140960693359e-01
-2.223439663648605347e-01
4.722568392753601074e-01
5.958951115608215332e-01
5.498210191726684570e-01
-4.952332377433776855e-01
6.529531478881835938e-01
5.198227763175964355e-01
4.650842249393463135e-01
9.785299301147460938e-01
1.662915647029876709e-01
6.369030475616455078e-01
3.385622426867485046e-02
3.620678186416625977e-01
9.867460727691650391e-01
1.419707685708999634e-01
-6.217105984687805176e-01
7.157613635063171387e-01
3.313640356063842773e-01
9.681350588798522949e-01
-4.047969356179237366e-02
2.021793425083160400e-01
1.264351755380630493e-01
-7.663510441780090332e-01
-5.455405116081237793e-01
4.116684496402740479e-01
-2.048937678337097168e-01
1.171994358301162720e-01
-5.572816133499145508e-01
1.160754915326833725e-02
5.746461153030395508e-01
1.750171035528182983e-01
-2.549086809158325195e-01
1.145237535238265991e-01
1.093609571456909180e+00
-5.650649070739746094e-01
3.334949910640716553e-01
3.552206754684448242e-01
4.044913649559020996e-01
-6.159834861755371094e-01
-2.986777424812316895e-01
5.023238807916641235e-02
2.055757492780685425e-01
4.466381669044494629e-01
1.021783351898193359e-01
6.104913353919982910e-01
9.596285223960876465e-01
1.798246949911117554e-01
1.692995578050613403e-01
1.384805440902709961e-01
1.884997367858886719e+00
2.730908337980508804e-03
6.126346588134765625e-01
2.631069123744964600e-01
4.643274545669555664e-01
-1.787065625190734863e+00
4.953956604003906250e-01
5.173273086547851562e-01
7.047032117843627930e-01
-1.497580260038375854e-01
2.643080055713653564e-01
-4.944535791873931885e-01
-2.571631968021392822e-01
2.065537720918655396e-01
8.288124948740005493e-02
2.038675397634506226e-01
-7.014635801315307617e-01
2.257007062435150146e-01
8.521144837141036987e-02
4.074303209781646729e-01
1.503825783729553223e-01
6.649240106344223022e-02
5.257116556167602539e-01
5.324014276266098022e-02
-3.791954219341278076e-01
-6.325871348381042480e-01
-8.323307633399963379e-01
4.996418952941894531e-01
-5.685272440314292908e-02
-1.071142077445983887e+00
-7.568661123514175415e-02
2.525029182434082031e-01
1.666326224803924561e-01
3.327137604355812073e-02
6.165285706520080566e-01
-2.933891490101814270e-03
-7.471635937690734863e-01
-3.052089922130107880e-02
1.085101291537284851e-01
-1.219246029853820801e+00
-7.861883640289306641e-01
1.204822883009910583e-01
2.174017578363418579e-01
-3.001272082328796387e-01
2.074262499809265137e-01
-1.618575751781463623e-01
-9.129201620817184448e-02
-4.656967148184776306e-02
2.027142047882080078e-01
8.590290695428848267e-02
-7.013669610023498535e-01
2.290754020214080811e-02
8.243681490421295166e-02
2.075860649347305298e-01
-6.718224380165338516e-03
6.070977449417114258e-02
3.134620189666748047e-02
1.878562271595001221e-01
-2.597244083881378174e-01
-6.391854882240295410e-01
6.445229053497314453e-02
-8.206973224878311157e-02
-1.388303935527801514e-01
-2.384191900491714478e-01
8.046076400205492973e-04
-4.771499079652130604e-04
-7.184162139892578125e-01
1.618001312017440796e-01
-2.863204851746559143e-02
2.476103007793426514e-01
2.545948922634124756e-01
6.522054970264434814e-02
3.783432245254516602e-01
1.661904007196426392e-01
3.550198674201965332e-01
1.384595036506652832e-01
-2.852358520030975342e-01
-4.956513643264770508e-03
-4.785111844539642334e-01
-6.106201186776161194e-02
-2.543382719159126282e-02
-1.912068724632263184e-01
2.328407019376754761e-01
-2.884402126073837280e-02
-9.436067193746566772e-02
-3.060013055801391602e-02
-9.581640362739562988e-02
1.507394909858703613e-01
1.490027830004692078e-02
7.220024708658456802e-03
-3.878174349665641785e-02
-8.765318989753723145e-02
-1.635948568582534790e-02
1.582578383386135101e-02
3.677969276905059814e-01
-3.121221065521240234e-01
3.711859881877899170e-02
7.186037953943014145e-03
4.240569844841957092e-02
8.931216597557067871e-02
-1.096244901418685913e-03
2.262478768825531006e-01
-1.511771976947784424e-01
-5.901817232370376587e-03
-5.046033859252929688e-02
9.679128229618072510e-02
2.575437165796756744e-02
1.214344799518585205e-01
2.777265384793281555e-02
-2.509024366736412048e-02
1.832448840141296387e-01
5.104011297225952148e-02
-3.058903813362121582e-01
1.101811304688453674e-01
1.374507090076804161e-03
-6.610469892621040344e-03
-4.353386759757995605e-01
-1.201021969318389893e-01
1.287705004215240479e-01
8.931261301040649414e-02
-1.456077694892883301e-01
9.632021933794021606e-02
-1.262439507991075516e-02
6.332506425678730011e-03
5.136499181389808655e-02
2.352770604193210602e-02
-1.331310067325830460e-02
-4.271884635090827942e-02
3.491622209548950195e-02
-6.971804052591323853e-02
-2.415878931060433388e-03
-4.147112849750556052e-05
5.909202247858047485e-02
-1.606268994510173798e-02
1.163790468126535416e-03
-1.212418917566537857e-02
1.344890743494033813e-01
2.705466747283935547e-02
1.520326361060142517e-02
7.385277748107910156e-02
1.711647398769855499e-02
-2.267843112349510193e-02
1.211790218949317932e-01
-1.114677637815475464e-01
1.007377728819847107e-01
9.356895089149475098e-02
-1.031547877937555313e-02
1.221473664045333862e-01
6.995571404695510864e-02
-1.026223078370094299e-01
3.991965204477310181e-02
1.405130773782730103e-01
4.696323350071907043e-02
-5.604022741317749023e-02
5.668364092707633972e-02
7.442974951118230820e-03
-1.052283868193626404e-01
3.240148769691586494e-03
-4.403344355523586273e-03
1.933324523270130157e-02
8.802880346775054932e-02
-5.572062134742736816e-01
-3.139313682913780212e-02
-4.425566792488098145e-01
8.768965303897857666e-02
1.042127842083573341e-03
5.530965328216552734e-02
2.041178494691848755e-01
-1.889446936547756195e-02
1.664559915661811829e-02
2.433842420578002930e-02
7.199538499116897583e-02
-6.786645948886871338e-02
-4.102804958820343018e-01
-1.461849268525838852e-02
-3.157760715112090111e-03
9.748730808496475220e-02
4.476982355117797852e-02
-1.056423410773277283e-02
-2.358212918043136597e-01
2.071511186659336090e-02
-2.994514703750610352e-01
1.219241181388497353e-03
9.577169269323348999e-02
1.599844098091125488e-01
-1.188754849135875702e-02
-5.661750584840774536e-02
-1.088355667889118195e-02
-7.184124588966369629e-01
3.555666208267211914e-01
-8.817099034786224365e-02
1.729333102703094482e-01
5.143858864903450012e-02
4.264023005962371826e-01
1.024742946028709412e-01
-1.550934165716171265e-01
-7.515750080347061157e-02
1.560525968670845032e-03
2.071897126734256744e-02
-6.935799121856689453e-02
-2.318106777966022491e-02
-2.685210406780242920e-01
-7.069074362516403198e-02
-3.844368830323219299e-02
-2.577392458915710449e-01
2.997684776782989502e-01
4.956629872322082520e-02
1.846359856426715851e-02
1.084354445338249207e-01
-5.156145617365837097e-02
-7.626415230333805084e-03
-7.195784449577331543e-01
4.518662393093109131e-02
-1.616224050521850586e-01
-2.028834819793701172e-01
2.585411071777343750e-01
-1.727458983659744263e-01
9.695091098546981812e-02
7.244589179754257202e-02
-1.239169971086084843e-03
2.074705064296722412e-01
3.005109131336212158e-01
-2.167511433362960815e-01
3.235754072666168213e-01
1.254964619874954224e-01
3.214930593967437744e-01
4.048017859458923340e-01
-6.370630860328674316e-02
-1.393766403198242188e-01
9.726943448185920715e-03
-5.230268463492393494e-02
2.380875870585441589e-02
-1.977156288921833038e-02
-3.585143983364105225e-01
-2.984085679054260254e-01
2.155748195946216583e-02
2.551815807819366455e-01
4.945993423461914062e-01
5.748484656214714050e-02
-1.078342422842979431e-01
4.110033512115478516e-01
-2.077148705720901489e-01
-1.052845036610960960e-03
-7.605874538421630859e-02
1.389549821615219116e-01
-1.202630996704101562e-01
-4.841541051864624023e-01
4.090167284011840820e-01
-3.099306821823120117e-01
3.065903186798095703e-01
1.785264462232589722e-01
5.442534014582633972e-02
3.857889771461486816e-01
2.927045226097106934e-01
-5.031126737594604492e-01
6.599878519773483276e-02
3.383034467697143555e-01
6.956039667129516602e-01
3.555428981781005859e-01
-2.622199356555938721e-01
-4.496611654758453369e-01
-1.501861065626144409e-01
-3.314732909202575684e-01
1.607409566640853882e-01
2.582253888249397278e-03
1.171381622552871704e-01
1.089214608073234558e-01
5.053840875625610352e-01
3.383475840091705322e-01
1.260146945714950562e-01
2.447037994861602783e-01
-1.430450379848480225e-01
4.748914539813995361e-01
-3.584598004817962646e-01
5.032765865325927734e-01
-5.667399168014526367e-01
7.102413177490234375e-01
2.874591350555419922e-01
4.152400195598602295e-01
6.954398751258850098e-01
8.583589456975460052e-03
-1.300604492425918579e-01
4.510223567485809326e-01
4.049122929573059082e-01
9.834634065628051758e-01
2.013993412256240845e-01
-7.641854882240295410e-01
5.139721632003784180e-01
1.557026654481887817e-01
8.049673438072204590e-01
4.977307915687561035e-01
1.968983560800552368e-01
2.048065215349197388e-01
-6.973413228988647461e-01
-4.168426394462585449e-01
5.546517372131347656e-01
-7.616307735443115234e-01
1.087650358676910400e-01
2.392846941947937012e-01
1.057728677988052368e-01
2.272789329290390015e-01
6.702454686164855957e-01
5.338904857635498047e-01
1.664321422576904297e-01
6.818698048591613770e-01
5.530378222465515137e-01
6.237872242927551270e-01
-4.881837368011474609e-01
8.062530159950256348e-01
5.006024837493896484e-01
7.363477349281311035e-02
6.647043228149414062e-01
3.679801821708679199e-01
7.192741036415100098e-01
8.221192657947540283e-02
5.833009481430053711e-01
9.235187172889709473e-01
2.102015614509582520e-01
-6.615184545516967773e-01
7.066074609756469727e-01
9.487627148628234863e-01
1.060916185379028320e+00
5.409815907478332520e-01
5.297980308532714844e-01
3.454733788967132568e-01
-6.067105531692504883e-01
-1.483754277229309082e+00
1.834457814693450928e-01
-3.563615083694458008e-01
9.017872810363769531e-02
1.527128517627716064e-01
-2.721744775772094727e-01
4.606734812259674072e-01
6.547464728355407715e-01
5.460458397865295410e-01
1.464488953351974487e-01
5.211756825447082520e-01
7.295892834663391113e-01
5.841005444526672363e-01
-3.114508390426635742e-01
7.740999460220336914e-01
5.762497782707214355e-01
2.496719956398010254e-01
8.152003288269042969e-01
3.221376538276672363e-01
5.719693303108215332e-01
1.011576205492019653e-01
5.365640521049499512e-01
9.484501481056213379e-01
2.764861471951007843e-02
-4.793339967727661133e-01
6.934049725532531738e-01
5.340319275856018066e-01
1.018055796623229980e+00
3.797585964202880859e-01
6.052696108818054199e-01
4.216729700565338135e-01
-5.564690828323364258e-01
-1.593182086944580078e+00
2.942174375057220459e-01
-8.121993392705917358e-02
3.295707404613494873e-01
-2.242806106805801392e-01
3.614718914031982422e-01
4.698634445667266846e-01
2.043509185314178467e-01
-4.978661537170410156e-01
-9.998341798782348633e-01
3.998427689075469971e-01
-1.594713091850280762e+00
-8.076123148202896118e-02
5.022712349891662598e-01
-6.614183187484741211e-01
1.870413571596145630e-01
1.357761144638061523e+00
2.316968917846679688e+00
-6.875142455101013184e-01
1.303835153579711914e+00
6.196675077080726624e-02
-1.050818562507629395e-01
2.916848063468933105e-01
-1.353251785039901733e-01
1.578815132379531860e-01
1.118775904178619385e-01
-1.582229018211364746e+00
1.796695590019226074e-01
-4.955221712589263916e-02
4.821295738220214844e-01
-1.093623757362365723e+00
1.702158339321613312e-02
3.910569548606872559e-01
-2.325247973203659058e-03
-3.190717995166778564e-01
-1.166355133056640625e+00
1.427436709403991699e+00
